%%MatrixMarket matrix array real general
2624 1
1000000
0
0
0
0
0
0
0
0
0
811162
135735
130669
107859
104822
106670
164939
137832
887900
134780
472943
519161
514694
107859
952638
811204
137832
887973
811225
672036
107859
137832
887900
59798
107859
783261
784457
137832
887973
58478
58478
777670
58478
58478
569519
12503
759344
107859
137832
887900
764105
763883
107859
775226
137832
887973
63463
107859
784055
186370
137832
887900
464311
107859
769920
137832
887973
510485
519245
731647
731647
731647
731647
731647
731647
731647
731644
684316
880827
555516
468068
483984
902580
800004
420405
944776
863105
865025
946517
0
6
684316
555516
880833
863282
777352
866635
781978
674543
902580
783510
675808
420405
684316
555516
0
8
880827
239346
902580
420405
684316
555516
880833
121227
231570
902580
420405
684316
555516
880827
902580
108549
108549
111145
111145
420405
114601
114601
113998
113998
108549
108549
111145
684316
555516
880833
111145
114601
114601
113998
113998
902580
420405
137061
137143
684316
555516
880827
902580
732132
420405
542035
759994
684316
555516
880833
902580
420405
160583
277820
353624
277868
353588
277792
353511
277792
353511
277869
353589
277860
353579
277784
353503
277860
353579
277784
353503
277860
353580
277784
353503
277860
353580
277784
353502
277860
353580
277784
353502
277784
353503
277860
353579
277784
353503
277860
353579
277784
353503
277860
353580
727126
277784
353502
277860
353580
277784
353503
277860
353579
277784
353503
277859
353579
277784
353503
277860
353579
277860
353580
277784
353502
277860
353580
277784
353502
277822
353626
277746
353549
277747
353549
277823
353627
277814
353617
277738
353541
277739
353541
277815
353618
277814
353618
277738
353541
277739
353541
277815
353618
277814
353618
277738
353541
277739
353541
277815
353618
277814
353617
277738
353541
277814
353618
277738
353541
277738
353541
277814
353618
277739
353541
277814
353618
277739
353541
277738
353541
277811
353615
277814
353617
277815
353618
277738
353541
277815
353618
277736
353538
277738
353541
277815
353618
277736
353539
277866
353585
445430
277790
353508
277790
353508
277867
353586
277858
353577
277782
353500
277782
353500
277858
353578
277858
353577
277782
353500
277782
353500
277858
353578
277858
353577
277782
353500
277782
353500
277858
353578
277857
353577
277782
353500
277782
353500
277858
353577
277857
353577
277782
353500
277782
353500
277858
353578
277858
353577
277782
353500
277858
353578
277782
353500
277858
353578
277782
353500
277858
353577
277812
353616
277782
353500
277811
353615
277820
353624
277744
353547
277744
353547
277820
353624
277811
353615
277736
353538
277736
353539
277812
353616
277811
353615
277736
353538
277736
353539
277812
353616
277811
353615
277736
353538
277736
353539
277812
353616
277811
353615
277736
353538
277736
353539
277812
353616
277811
353615
277736
353538
277736
353538
277736
353539
277812
353616
277811
353615
277736
353538
277736
353539
277812
353616
277811
353615
277736
353538
277736
353539
277736
353539
277812
353616
277812
353616
1009146
-4
167341
277811
353615
277736
353538
277736
353539
0
29
28011
277811
353615
544019
277735
353538
277736
353539
277812
353616
277812
353616
277868
353588
277792
353511
277792
353511
277869
353589
277860
353579
277784
353503
277784
353503
277860
353580
277860
353579
277784
353503
277784
353503
277861
353580
277860
353579
277784
353503
277784
353503
277861
353580
277859
353579
277784
353502
277784
353503
277860
353580
689697
277860
353579
277784
353502
277784
353503
277860
353580
277860
353579
277784
353503
277784
353503
277860
353580
277860
353579
277784
353503
940760
277784
353503
277860
353580
727130
931965
277841
353645
277765
353568
277766
353568
277842
353646
277833
353637
277757
353560
277758
353560
277834
353638
277833
353637
277757
353560
277758
353560
353508
277790
277834
353638
277833
353637
277757
353560
277758
353560
277834
353638
277833
353637
277757
353560
277757
353560
277833
353637
277833
353637
277757
353560
277757
353560
277834
353637
277833
353637
277757
353560
277758
353560
277834
353638
277833
353637
277757
353560
277758
353560
277811
353615
277834
353638
690648
277736
353538
277736
353539
277885
353605
277809
353527
277809
353528
277886
353605
277877
353596
277801
353519
277801
353520
277877
353597
277877
353596
277801
353519
691607
277801
353520
277877
353597
277877
353596
277801
353519
277801
353520
277877
353597
277876
353596
277801
353519
277801
353520
277877
353597
277876
353596
277801
353519
277801
353520
277877
353597
277877
353596
277801
353519
277801
353520
277877
353597
277877
353596
277801
353519
277812
353616
277801
353520
277877
353597
277811
353615
277839
353643
277763
353566
277763
353566
277839
353644
277830
353635
277755
353558
277755
353558
277831
353635
277830
353635
277755
353558
277755
353558
277831
353635
277830
353635
277755
353558
277755
353558
277831
353635
277830
353634
277754
353558
277755
353558
277831
353635
277830
353634
277755
353558
277755
353558
277831
353635
277830
353635
277755
353558
277755
353558
277831
353635
277830
353635
277755
353558
277755
353558
277831
353635
277736
353538
277812
353616
277811
353615
277736
353538
544015
277736
353539
277887
353607
277811
353530
277811
353530
277888
353608
277879
353599
277803
353522
277803
353522
277879
353599
277879
353599
277803
353522
0
6
277803
353522
277880
353599
277879
353599
277803
353522
277803
353522
277880
353599
277878
353598
277803
353522
277803
353522
277879
353599
277736
353539
277879
353598
277803
353522
277803
353522
277879
353599
277879
353599
277803
353522
277803
353522
277879
353599
277879
353599
277803
353522
277803
353522
277879
353599
727126
277822
353626
277746
353549
277747
353549
277823
353627
277814
353617
277738
353541
277739
353541
277815
353618
277814
353618
277738
353541
277739
353541
277815
353618
277814
353618
277738
353541
277739
353541
277815
353618
277814
353617
277738
353541
277738
353541
277814
353618
277814
353617
277738
353541
277738
353541
277815
353618
277814
353618
277738
353541
277739
353541
277815
353618
277814
353618
277738
353541
277739
353541
277815
353618
277812
353616
277866
353585
277790
353508
277790
353508
277867
353586
277858
353577
277782
353500
277782
353500
277858
353578
277858
353577
277782
353500
277782
353500
277858
353578
277858
353577
277782
353500
277782
353500
277858
353578
277857
353577
277782
353500
277782
353500
277858
353577
277857
353577
277782
353500
277782
353500
277858
353578
277858
353577
277782
353500
277782
353500
277858
353578
277858
353577
277782
353500
277782
353500
277858
353578
277820
353624
277744
353547
277744
353547
277820
353624
277811
353615
277736
353538
277736
353539
277812
353616
277811
353615
277736
353538
277736
353539
277812
353616
277811
353615
277736
353538
277736
353539
277812
353616
277811
353615
353585
277866
277736
353538
277736
353539
277812
353616
277811
353615
277736
353538
277736
353539
277812
353616
277811
353615
277736
353538
277736
353539
277812
353616
277811
353615
277736
353538
277736
353539
277812
353616
353508
277790
353586
277867
353624
277820
544019
277868
353588
277792
353511
277792
353511
277869
353589
277860
353579
277784
353503
277784
353503
277860
353580
277860
353579
277784
353503
277784
353503
277861
353580
277860
353579
277784
353503
277784
353503
277861
353580
277859
353579
277784
353502
277784
353503
277860
353580
277860
353579
277784
353502
277784
353503
277860
353580
277860
353579
277784
353503
353577
277858
277784
353503
277860
353580
277860
353579
277784
353503
277784
353503
277860
353580
727130
353500
277782
353500
277782
353578
277858
353577
277858
277822
353626
277746
353549
277747
353549
277823
353627
277814
353617
277738
353541
277739
353541
277815
353618
277814
353618
277738
353541
277739
353541
277815
353618
277814
353618
277738
353541
277739
353541
277815
353618
277814
353617
353547
277744
277738
353541
277738
353541
277814
353618
277814
353617
277738
353541
277738
353541
277815
353618
277814
353617
277738
353541
277739
353541
353547
277744
277815
353618
277814
353617
277738
353541
277739
353541
277815
353618
353500
277782
353500
277782
277866
353585
277790
353508
277790
353508
277867
353586
277858
353577
277782
353500
277782
353500
277858
353578
277858
353577
277782
353500
277782
353500
277858
353578
277858
353577
277782
353500
277782
353500
277858
353578
277857
353577
277782
353500
277782
353500
277858
353577
277857
353577
277782
353500
277782
353500
277858
353577
277858
353577
277782
353500
277782
353500
277858
353578
277858
353577
277782
353500
277782
353500
277858
353578
353578
277858
277820
353624
277744
353547
277744
353547
277820
353624
277811
353615
277736
353538
277736
353539
277812
353616
277811
353615
277736
353538
277736
353539
277812
353616
277811
353615
277736
353538
277736
353539
277812
353616
277811
353615
277735
353538
277736
353539
277812
353616
277811
353615
277736
353538
277736
353539
277812
353616
277811
353615
277736
353538
761112
277736
353539
277812
353616
277811
353615
277736
353538
277736
353539
277812
353616
353577
277858
353500
277782
544015
277868
353588
277792
353511
277792
353511
277869
353589
277860
353579
277784
353502
277784
353503
277860
353580
277860
353579
277784
353503
277784
353503
277860
353580
277860
353579
277784
353503
277784
353503
277860
353580
277859
353579
277784
353502
277784
353503
277860
353580
277860
353579
277784
353502
277784
353503
277860
353580
277860
353579
277784
353502
277784
353503
277860
353580
277860
353579
277784
353502
277784
353503
277860
353580
727126
764029
689113
277822
353626
277746
353549
277747
353549
277823
353627
277814
353617
277738
353541
277739
353541
277815
353618
277814
353618
277738
353541
277739
353541
277815
353618
277814
353618
277738
353541
277739
353541
277815
353618
277814
353617
277738
353541
277738
353541
277814
353618
277814
353617
277738
353541
277738
353541
277815
353618
277814
353618
277738
353541
277739
353541
277815
353618
277814
353618
277738
353541
277739
353541
277815
353618
277866
353585
277790
353508
277790
353508
277867
353586
277858
353577
353500
277782
277782
353500
277782
353500
277858
353578
277858
353577
277782
353500
277782
353500
277858
353578
277858
353577
277782
353500
277782
353500
353578
277858
277858
353578
277857
353577
277782
353500
277782
353500
277858
353577
277857
353577
277782
353500
277782
353500
277858
353578
277858
353577
277782
353500
277782
353500
277858
353578
277858
353577
277782
353500
277782
353500
277858
353578
353577
277857
277820
353624
277744
353547
277744
353547
277820
353624
277811
353615
277736
353538
277736
353539
277812
353616
277811
353615
277736
353538
277736
353539
277812
353616
277811
353615
277736
353538
277736
353539
277812
353616
277811
353615
277736
353538
277736
353539
277812
353616
277811
353615
277736
353538
277736
353539
277812
353616
277811
353615
277736
353538
277736
353539
277812
353616
277811
353615
277736
353538
277736
353539
277812
353616
353500
277782
353500
277782
544019
277868
353588
277792
353511
277792
353511
277869
353589
277860
353579
277784
353503
277784
353503
277860
353580
277860
353579
277784
353503
277784
353503
277861
353580
277860
353579
277784
353503
277784
353503
277861
353580
277859
353579
277784
353502
277784
353503
277860
353580
277860
353579
277784
353502
277784
353503
277860
353580
277860
353579
277784
353503
277784
353503
277860
353580
277860
353579
277784
353503
277784
353503
277860
353580
727130
353577
277858
164861
775889
165072
277822
353626
277746
353549
277747
353549
277823
353627
277814
353617
164889
277738
353541
277739
353541
277815
353618
277814
353618
277738
353541
277739
353541
277815
353618
277814
353618
277738
353541
277739
353541
165099
277815
353618
277814
353617
277738
353541
277738
353541
277814
353618
277814
353617
277738
353541
277738
353541
277815
353618
277814
353617
164933
277738
353541
277739
353541
277815
353618
277814
353617
277738
353541
277739
353541
277815
353618
165140
164925
165133
162814
277866
353585
277790
353508
277790
353508
277867
353586
163025
277858
353577
277782
353500
277782
353500
277858
353578
277858
353577
277782
353500
277782
353500
277858
353578
277858
353577
277782
353500
162846
779768
690651
277782
353500
277858
353578
277857
353577
277782
353500
277782
353500
277858
353577
277857
353577
277782
353500
277782
353500
277858
353577
163057
277858
353577
277782
353500
277782
353500
277858
353578
277858
353577
277782
353500
277782
353500
277858
353578
162890
163099
162882
163091
353577
277857
277820
353624
277744
353547
277744
353547
277820
353624
277811
353615
277736
353538
277736
353539
277812
353616
277811
353615
277736
353538
277736
353539
277812
353616
277811
353615
277736
353538
277736
353539
277812
353616
277811
353615
277735
353538
277736
353539
277812
353616
277811
353615
277736
353538
277736
353539
277812
353616
277811
353615
277736
353538
277736
353539
277812
353616
277811
353615
277736
353538
277736
353539
277812
353616
82064
353500
277782
353500
277782
353577
277858
353577
277858
544015
277868
353588
277792
353511
277792
353511
277869
353589
277860
353579
277784
353502
277784
353503
277860
353580
277860
353579
277784
353503
277784
353503
277860
353580
277860
353579
277784
353503
277784
353503
277860
353580
277859
353579
277784
353502
277784
353503
277860
353580
277860
353579
277784
353502
277784
353503
277860
353580
277860
353579
277784
353502
277784
353503
277860
353580
277860
353579
277784
353502
277784
353503
277860
353580
727126
277822
353626
277746
353549
277747
353549
277823
353627
277814
353617
277738
353541
277739
353541
277815
353618
277814
353618
277738
353541
277739
353541
277815
353618
277814
353618
277738
353541
277739
353541
277815
353618
277814
353617
277738
353541
277738
353541
277814
353618
277814
353617
277738
353541
277738
353541
277815
353618
277814
353618
277738
353541
277739
353541
277815
353618
277814
353618
277738
353541
277739
353541
277815
353618
277866
353585
277790
353508
277790
353508
277867
353586
277858
353577
277782
353500
277782
353500
277858
353578
277858
353577
277782
353500
277782
353500
277858
353578
277858
353577
277782
353500
277782
353500
277858
353578
277857
353577
277782
353500
277782
353500
277858
353577
277857
353577
277782
353500
277782
353500
353500
277782
277858
353578
277858
353577
277782
353500
277782
353500
277858
353578
277858
353577
277782
353500
277782
353500
277858
353578
353500
277782
277820
353624
277744
353547
277744
353547
775259
277820
353624
277811
353615
277736
353538
277736
353539
277812
353616
277811
353615
277736
353538
277736
353539
277812
353616
277811
353615
277736
353538
277736
353539
277812
353616
277811
353615
277736
353538
277736
353539
277812
353616
277811
353615
277736
353538
277736
353539
544015
277812
353616
277811
353615
277736
353538
277736
353539
277812
353616
277811
353615
277736
353538
277736
353539
277812
353616
353578
277858
353577
277858
544019
277868
353588
277792
353511
277792
353511
277869
353589
277860
353579
277784
353503
277784
353503
277860
353580
277860
353579
277784
353503
277784
353503
277861
353580
277860
353579
277784
353503
277784
353503
277861
353580
277859
353579
277784
353502
277784
353503
277860
353580
277860
353579
277784
353502
277784
353503
277860
353580
277860
353579
277784
353503
277784
353503
277860
353580
277860
353579
277784
353503
277784
353503
277860
353580
727130
277822
353626
277746
353549
277747
353549
353500
277782
277823
353627
277814
353617
277738
353541
277739
353541
277815
353618
277814
353618
277738
353541
277739
353541
277815
353618
277814
353618
277738
353541
277739
353541
277815
353618
277814
353617
277738
353541
277738
353541
277814
353618
277814
353617
277738
353541
277738
353541
277815
353618
277814
353617
277738
353541
277739
353541
277815
353618
277814
353617
277738
353541
277739
353541
277815
353618
110302
277782
353500
277858
353578
109007
266371
226456
226028
1009146
-6
1009146
-2
1009146
-2
717796
868992
226433
226146
226302
868992
226319
226028
226415
226302
226065
868992
868992
226163
226065
108969
226146
869177
226456
226342
226065
226456
226415
869177
226415
226183
109007
226065
226456
869177
108969
109007
226342
226342
226146
226183
226183
139485
226028
108969
226302
226183
108969
654762
399291
109007
226045
869177
226342
0
21
0
21
290797
290545
0
11
637854
616008
705561
290797
637854
637854
616008
705667
637916
616017
705667
655863
885097
266335
290797
1009146
-14
270083
647291
867861
270083
290545
637916
637916
616017
616008
637916
616017
867861
647291
705561
290545
705667
885097
266335
655863
705667
655863
266335
885097
637854
616008
270083
655863
885097
266335
290797
705561
616017
867861
705561
647291
290545
630738
630738
725535
778571
0
29
594711
630738
630738
0
29
724143
776947
630738
630738
630738
630738
123434
1009146
-14
115062
119802
119769
123393
118689
118689
123434
432552
123393
115062
119802
119769
847044
112848
109201
1009146
-14
432485
112848
847044
0
11
847044
847044
847044
847044
109201
847044
515378
473999
670648
569315
499363
470460
0
11
1009146
-14
852999
704280
703899
703270
703617
704360
704077
703997
0
11
703600
0
4
0
7
480393
617022
706490
722487
705843
722965
705523
706566
722914
705860
724203
723960
723730
706300
706130
722441
722671
706223
724254
270083
867861
647291
724024
722683
723776
722735
722219
723972
723509
442079
474744
474778
442638
474778
442638
442079
474744
442638
474778
442080
474745
442638
474778
474744
442079
601919
514902
509180
619135
670119
482104
457459
581380
639525
644858
589680
217042
278608
291348
291382
278633
292167
292415
277705
277739
292387
277705
278880
278608
277705
277739
291382
278633
278633
292167
291595
278608
277952
291348
292139
291348
292167
278855
277739
291628
277986
292139
291382
292139
141522
554703
141527
137339
278634
291349
292140
277740
277740
291382
141489
185545
278634
292168
277706
292168
94772
278608
558988
137350
141529
291382
137326
141525
278634
292140
137326
277706
137342
141475
291349
141469
291349
141519
278608
277706
278608
137345
137785
137345
714035
137349
557340
141480
141982
277740
534894
277740
137330
137346
292140
137319
277706
141514
292168
278634
291349
141482
291382
141484
559403
552897
292168
137330
137327
291382
141938
137323
278608
137766
141488
292140
141524
773368
588366
0
9683
1009146
-9822
