%%MatrixMarket matrix array real general
4510 1
4349889
4349887
4349886
4349886
4349887
4349889
4349895
5000000
5000000
5000000
5000000
5000000
5000000
5000000
3138149
3155643
3173137
3190633
3208129
3225626
3243123
5000000
5000000
5000000
5000000
5000000
5000000
5000000
2857842
2875334
2892828
2910323
2927820
2945318
2962818
2717690
2735181
2752673
2770168
2787665
2805164
2822666
2577540
2595029
2612520
2630015
2647512
2665012
2682514
5000000
5000000
5000000
5000000
5000000
5000000
5000000
5000000
5000000
5000000
5000000
5000000
5000000
5000000
2056446
2064914
2073388
2081869
2090356
2098850
2107349
5000000
5000000
5000000
5000000
5000000
4999991
5000000
5000000
1890923
1981489
2033930
2058790
2059296
2032223
1967160
5000000
5000000
5000000
5000000
5000000
5000000
5000000
2331066
2266340
2239799
2240889
2266378
2319492
2410648
2260359
2268835
2277316
2285801
2294290
2302784
2311283
2192379
2200853
2209331
2217815
2226304
2234798
2243297
1920561
1929023
1937493
1945970
1954454
1962946
1971445
5000000
5000000
5000000
5000000
5000000
5000000
5000000
5000000
5000000
5000000
5000000
5000000
5000000
5000000
5000000
5000000
5000000
5000000
5000000
5000000
5000000
2328347
2336825
2345307
2353793
2362283
2370777
2379275
5000000
5000000
5000000
5000000
5000000
5000000
5000000
1852639
1861099
1869567
1878042
1886525
1895015
1903513
2997996
3015489
3032983
3050478
3067975
3085473
3102971
5000000
5000000
5000000
5000000
5000000
5000000
5000000
2124407
2132878
2141355
2149837
2158325
2166819
2175318
5000000
5000000
5000000
5000000
5000000
5000000
5000000
5000000
5000000
5000000
5000000
5000000
5000000
5000000
5000000
5000000
5000000
5000000
5000000
5000000
5000000
5000000
5000000
5000000
5000000
5000000
5000000
5000000
2396341
2404821
2413304
2421791
2430281
2438775
2447273
5000000
5000000
5000000
5000000
5000000
5000000
5000000
1988497
1996962
2005434
2013913
2022399
2030892
2039391
4145686
4339107
4145686
4339107
4145686
4339108
4145687
4339109
4145687
4339110
4118138
4386520
4118138
4386521
4118139
4386522
4118140
4386523
4118140
4386525
4118142
4386527
4118144
4386530
4118146
4386532
4118147
4386535
4145701
4339131
-5
4999990
4115593
1070335
1070335
1070334
1070335
4115592
1070335
1401354
1401354
1401354
1401355
1401355
1401355
1401355
1401355
1401356
4115592
1070335
419248
419248
419248
419248
419248
2906042
2906043
2906043
2906043
4115592
2906044
2906044
2906045
2906046
2906047
419254
1070335
2330018
1070335
2330018
4115592
1070334
2330018
1070335
2330018
1070335
2330018
1401354
111976
1401354
111976
4115593
1401354
111976
1401355
111977
1401355
111977
1401355
111977
1401355
111977
4115656
1401355
111977
1401356
111977
1070335
2330019
5000000
5000000
5000000
5000000
5000000
5000000
5000000
5000000
5000000
5000000
5000000
5000000
5000000
5000000
5000000
5000000
5000000
5000000
5000000
5000000
773330
5000000
5000000
5000000
5000000
5000000
502
5000000
5000000
5000000
5000000
5000000
429
10121
-662
-662
513
-662
-662
-662
-441
-441
473
-441
-441
-441
-441
-441
437
-443
-443
-662
-138
-118
472
-118
-122
-117
4999983
4999982
3970713
0
4999981
4999981
4999981
4999981
4999981
3970725
4999981
4999981
-122
3970805
9376
1143139
2843
1143001
4074740
4999992
4074741
4999992
4074741
4999992
4074743
4999995
4074740
-1
-1
3752671
4999993
-5
4999994
3752663
-5
4999993
-5
4999993
3752663
-5
4999993
-5
26195
4999993
-5
4999993
1105237
-5
4999991
93
4999991
22989
188
1
1
1105343
0
5000000
5000000
3864
5000000
5009583
5000000
5000000
5000000
5000000
5000000
5009582
1145609
1145431
3864
1145609
5000000
5009582
5000000
5000000
5004474
1145609
5000000
800
3864
5009222
5000000
5000000
3305086
0
0
0
0
0
0
5004438
0
4999999
1145431
4999999
4999999
4999999
4999999
4999999
4999999
193
193
193
193
193
193
193
5000000
0
0
0
800
0
0
0
0
3269638
3362876
3421683
533993
773330
754491
539697
778998
760164
164
5000000
5000000
5000000
5000000
5000000
5000000
5000000
3970713
5000000
5009222
3970713
3970725
3970805
5000000
5000000
1145609
5000000
5000000
800
3970725
3970805
5000000
1145431
1607426
3864
5000000
5000000
5000000
5000000
5000000
5000000
5000000
800
4883536
1145431
3269638
533993
778998
5000000
5000000
5000000
76717
76717
76717
76717
76717
76717
76719
1614812
4778246
98693
98693
98693
98693
98693
98693
98693
76717
98693
76717
98693
76717
98693
76717
98693
76717
98693
76717
98693
76719
98693
-3
539697
3421683
5000000
5000000
3190566
5000000
5000000
4999999
5000000
0
3099867
3099866
3099865
3099865
3099866
3099867
3099869
-662
2773476
2773476
2773476
2773476
2773476
2773476
2773487
3228949
3228949
3228949
-662
3228949
3228949
3228949
3228950
1130162
3099867
3099866
3099865
3099865
3099866
-662
3099867
3099869
5000000
5000000
5000000
5000000
5000000
5000000
5000000
2105407
-441
2121508
2135565
2148802
2161500
2173313
2182857
5000000
5000000
5000000
5000000
-441
5000000
5000000
5000000
2105407
2121508
2135565
2148802
2161500
2173313
2182857
-441
2105407
2121508
2135565
2148802
2161500
2173313
2182857
2105407
2121508
2135565
-441
2148802
2161500
2173313
2182857
5000000
5000000
5000000
5000000
5000000
5000000
-441
5000000
5000000
5000000
5000000
5000000
5000000
5000000
5000000
2105407
2121508
-441
2135565
2148802
2161500
2173313
2182857
5000000
5000000
5000000
5000000
5000000
-441
4074740
5000000
5000000
2105407
2121508
2135565
2148802
2161500
2173313
2182857
5000000
-443
5000000
5000000
5000000
5000000
5000000
5000000
2105407
2121508
2135565
2148802
-443
2161500
2173313
2182857
2105407
2121508
2135565
2148802
2161500
2173313
2182857
-662
2105407
2121508
2135565
2148802
2161500
2173313
2182857
2105407
2121508
2135565
-436
2148802
2161500
2173313
2182857
5000000
5000000
5000000
5000000
5000000
5000000
-428
5000000
5000000
5000000
5000000
5000000
5000000
5000000
5000000
5000000
5000000
-428
5000000
5000000
5000000
5000000
5000000
2105407
2121508
2135565
2148802
2161500
-430
2173313
2182857
5000000
5000000
5000000
5000000
5000000
5000000
5000000
2105407
-428
2121508
2135565
2148802
2161500
2173313
2182857
2105407
2121508
2135565
2148802
-661
2161500
2173313
2182857
5000000
5000000
5000000
5000000
5000000
5000000
5000000
-661
-1
2105407
2121508
2135565
2148802
2161500
2173313
2182857
5000000
5000000
5000000
-661
5000000
5000000
5000000
5000000
5000000
5000000
5000000
5000000
5000000
5000000
-661
5000000
5000000
5000000
5000000
5000000
5000000
5000000
5000000
5000000
5000000
-661
5000000
5000000
5000000
5000000
5000000
2105407
2121508
2135565
2148802
2161500
-661
2173313
2182857
5000000
5000000
5000000
5000000
5000000
5000000
5000000
2105407
-661
2121508
2135565
2148802
2161500
2173313
2182857
3231963
3231963
3231963
3231963
-661
3231963
3231981
3231981
3231981
3231981
3231981
3231982
3231982
3231982
3231982
-661
3231962
2778719
2778719
2778720
2778720
2778720
2778567
2778567
2778568
2778568
-430
2778568
2778569
2778569
2778570
2778571
2778725
3100212
3100213
3100213
3100214
5000000
3100214
3100103
3100103
3100104
3100105
3100108
3100108
3100110
3100112
3100116
5000000
5000000
3100230
3100212
3100212
3100213
3100213
3100213
3100213
3100214
3100214
3100214
4999999
3100214
3100103
3100103
3100103
3100103
3100104
3100104
3100105
3100105
3100108
4999990
3100108
3100108
3100108
3100110
3100110
3100112
3100112
3100116
3100116
3100230
5000000
3100230
1070335
1070335
1070334
1070335
1070335
1401354
1401354
1401354
1401355
4999950
1401355
1401355
1401355
1401355
1401356
1070335
1070335
1070335
1070334
1070335
-8
1070335
1401354
1401354
1401354
1401355
1401355
1401355
1401355
1401355
1401356
134
1070335
284057
284057
284057
284057
284057
84714
84714
84714
84714
3099867
84714
84714
84714
84714
84714
284058
2330018
2330018
2330018
2330018
3099866
2330018
111976
111976
111976
111977
111977
111977
111977
111977
111977
3099865
2330019
284057
284057
284057
284057
284057
84714
84714
84714
84714
3099865
5000000
84714
84714
84714
84714
84714
284058
419248
284057
419248
284057
3099866
419248
284057
419248
284057
419248
284057
2906042
84714
2906043
84714
3099867
2906043
84714
2906043
84714
2906044
84714
2906044
84714
2906045
84714
3099869
2906046
84714
2906047
84714
419254
284058
5000000
5000000
5000000
5000000
2904499
5000000
5000000
5000000
5000000
5000000
5000000
5000000
5000000
5000000
5000000
3269638
5000000
5000000
5000000
5000000
5000000
5000000
5000000
5000000
5000000
5000000
3786428
5000000
5000000
5000000
5000000
5000000
5000000
5000000
5000000
5000000
5000000
3786429
5000000
5000000
5000000
5000000
5000000
5000000
5000000
5000000
5000000
5000000
533993
5000000
5000000
5000000
5000000
5000000
5000000
5000000
5000000
5000000
5000000
3786428
5000000
5000000
5000000
5000000
5000000
5000000
9
11
11
11
539697
5000000
11
5000000
5000000
5000000
5000000
5000000
5000000
5000000
5000000
5000000
4748655
11
5000000
5000000
5000000
5000000
5000000
5000000
5000000
5000000
5000000
533993
5000000
5000000
5000000
5000000
5000000
5000000
5000000
5000000
5000000
5000000
3752671
5000000
5000000
5000000
5000000
5000000
5000000
5000000
5000000
5000000
5000000
3752663
5000000
4999936
4999939
4999939
4999939
4999940
-192
-192
-192
-192
3752663
-192
-192
-192
-192
-192
4999939
5000000
4999980
5000000
4999982
26195
5000000
4999982
5000000
4999981
5000000
4999984
5000000
-140
5000000
-140
1105237
5000000
-140
5000000
-140
5000000
-140
5000000
-140
5000000
-140
22989
5000000
-144
5000000
-145
5000000
4999983
5000000
-436
5000000
-428
1105343
5000000
-428
5000000
-430
5000000
-428
5000000
-661
5000000
-661
3752671
0
5000000
-661
5000000
-661
5000000
-661
5000000
-661
5000000
-661
3752663
5000000
-661
5000000
-661
5000000
-430
5000000
-138
5000000
-118
3752663
5000000
-118
5000000
-122
5000000
-117
5000000
4999983
5000000
4999982
26195
5000000
4999981
5000000
-122
5000000
4999980
5000000
4999982
5000000
4999982
1105237
5000000
4999981
5000000
4999984
5000000
-140
5000000
-140
5000000
-140
22989
5000000
-140
5000000
-140
5000000
-140
5000000
-140
5000000
-144
1105343
5000000
-145
5000000
4999983
5000000
4999981
5000000
4999981
5000000
4999981
5000000
5000000
4999981
5000000
4999981
5000000
4999981
5000000
0
5000000
4
5000000
5000000
0
5000000
3
5000000
2
5000000
5000030
5000000
2
5000000
5000000
5
5000000
2
5000000
5
5000000
2
5000000
5
5000000
0
5000000
4
5000000
8
5000000
6
5000000
5000060
5000000
172
5000000
5000000
4074741
5000000
5000000
172
173
5000000
4074741
5000000
5000000
5000000
173
174
5000000
4074743
5000000
5000000
174
174
5000000
4074740
5000000
5000000
5000000
174
-3
5000000
-1
5000000
5000000
-3
-1
148358
5000000
-5
5000000
5000000
-1
-3
5000000
-5
5000000
5000000
148340
-3
-3
5000000
-5
5000000
5000000
-3
-3
5000000
-5
148340
5000000
5000000
-3
-3
5000000
-5
5000000
5000000
-3
-3
45623
5000000
-5
5000000
5000000
-3
-3
5000000
-5
5000000
5000000
141052
-3
-3
5000000
93
5000000
5000000
-3
93
5000000
188
44919
5000000
5000000
93
-1
5000000
1
5000000
0
5000000
0
141053
0
5000000
5000013
1145609
800
1145431
3864
5000000
5000009
1145609
800
5002749
1145431
5000000
5000000
5000021
1145609
800
1145431
3864
5000000
5000011
5005095
1145609
800
1145431
3864
5000000
5000006
1145609
800
1145431
3864
5005094
5000000
5000008
5000000
800
5000000
5000000
5000000
5000007
5000000
800
5005087
1145431
3864
5000000
5000009
1145609
800
1145431
3864
5000000
19
5005084
5000000
800
1145431
3864
5000000
5000012
1145609
5000000
1145431
5000000
5005087
5000000
5000016
1145609
5000000
5009583
5000000
513
5000000
5009582
800
5000000
5000000
5000000
0
5000000
0
5000000
0
5000000
0
1145431
5000000
0
5000000
0
5000000
0
5000000
502
5000000
5009582
3864
5000000
429
2904499
5000000
5000000
0
0
5000000
5000000
5000000
5000000
0
0
0
5000000
5000000
5000000
0
0
0
5000000
5000019
5000000
5000000
0
0
0
5000000
5000000
5000000
0
0
1145609
0
5000000
5000000
5000000
0
0
0
5000000
5000000
5000000
800
5005084
0
0
0
5000000
5004474
5000000
5000000
0
4999999
5000000
5000000
5000000
0
4999999
5000000
5000000
0
4999999
5000000
5000000
0
3864
4999999
5000000
5000000
0
4999999
5000000
5000000
0
4999999
5000000
5000000
5000000
0
4999999
5000000
5000000
5000000
4999999
5000000
4999999
5000000
5000008
4999999
5000000
4999999
5000000
4999999
5000000
4999999
5000000
4999999
5000000
1145609
5000000
5000000
5000000
5000000
0
5000000
0
5000000
0
5000000
5000000
0
5000000
0
5000000
0
5000000
0
5000000
4999996
5000000
1145431
473
4920957
3510092
4778242
5000000
5000000
1882836
3596654
1607426
1889998
3864
3596560
1614812
5000000
5009222
5000000
4999999
5000000
437
5000000
5000000
5000000
5000000
5000000
5000000
5000000
5000000
5000000
4999999
5000000
3970725
3970805
5000002
5005064
5000000
5000000
0
5000000
5000000
5000000
3970713
4999999
3970725
3970805
5000000
5000000
4999999
3970713
3970725
3970805
5000000
3970713
4999999
3970725
3970805
5000000
5000000
3970713
4999999
5000000
5000000
5000000
3970713
4999999
3970725
3970805
5000000
5000000
4999999
3970713
3970725
3970805
1607420
2
2
2
2
5000000
2
2
2
5000000
5000000
5000000
5000000
5000000
5000000
5000000
5000000
5000000
5000000
5000000
5000000
5000000
5000000
5000000
5000000
5000000
5000000
5000010
5000000
5000000
5000000
5000000
5000000
5000000
5000000
5000000
5000000
5000000
1145609
5000000
5000000
5000000
5000000
5000000
5000000
5000000
5000000
5000001
5000001
5000000
5000001
5000001
5000001
5000001
5000001
1607426
5000000
5000000
5000000
5004438
5000000
3362876
754491
539697
5000000
5000000
5000000
5000000
5000000
3864
5000000
5000000
1240418
1240418
1240418
1240418
1240418
1240419
1240418
76717
76717
5000000
76717
76717
76717
76717
76719
5000000
472
4778246
4778242
98693
286
98693
98693
98693
98693
98693
98693
5000000
-8
183079
183079
1145609
183079
183079
183079
183079
183093
183079
1240418
183079
1240418
183079
800
1240418
183079
1240418
183079
1240418
183079
1240419
183093
1240418
98693
1145431
98693
98693
98693
98693
98693
98693
5000000
4999999
5000000
-2
3864
-2
5000000
5009222
760164
3269638
5000000
5000000
2904499
193
193
5000000
193
193
193
193
193
0
0
0
0
0
-972
0
0
5000000
-2
5000000
423
5000000
5000000
5000010
5000000
-662
5000000
5000000
4999999
5000000
5000000
0
0
5000000
104
5000000
-662
5000000
0
5000000
5000000
5000000
5000000
5000000
5000000
5000000
5000000
5000000
5000000
-140
5000000
5000000
5000000
5000000
5000000
5000000
5000000
5000000
5000000
5000000
-145
5000000
5000000
5000000
5000000
5000000
5000000
5000000
5000000
5000000
5000000
-144
5000000
5000000
5000000
5000000
5000000
5000000
5000000
5000000
5000000
5000000
-140
5000000
5000000
5000000
5000000
5000000
5000000
5000000
5000000
5000000
5000000
5000002
5000000
5000000
5000000
5000000
5000000
5000000
5000000
5000000
5000000
5000000
5000006
5000000
5000000
5000000
5000000
5000000
5000000
5000000
5000000
5000000
5000000
5000007
5000000
5000000
5000000
5000000
5000000
5000000
5000000
5000000
5000000
5000000
5000008
5000000
5000000
5000000
5000000
5000000
5000000
5000000
5000000
5000000
5000000
5000008
5000000
5000000
5000000
5000000
5000000
5000000
5000000
5000000
5000000
5000000
19
513
5000000
5000000
5000000
5000000
5000000
5000000
5000000
5000000
5000000
5000000
5000009
5000000
5000000
5000000
5000000
5000000
5000000
5000000
5000000
5000000
5000000
5000009
5000000
5000000
5000000
5000000
5000000
5000000
5000000
5000000
5000000
5000000
5000010
5000000
5000000
5000000
5000000
5000000
5000000
5000000
5000000
5000000
5000000
5000011
5000000
5000000
5000000
5000000
5000000
5000000
5000000
5000000
5000000
5000000
5000012
5000000
5000000
5000000
5000000
5000000
5000000
5000000
5000000
5000000
5000000
5000013
5000000
5000000
5000000
5000000
5000000
5000000
5000000
5000000
5000000
5000000
5000016
5000000
5000000
5000000
5000000
5000000
5000000
5000000
5000000
5000000
5000000
5000019
5000000
5000000
5000000
5000000
5000000
5000000
5000000
5000000
5000000
5000000
5000021
5000000
5000000
5000000
5000000
5000000
5000000
5000000
5000000
5000000
5000000
286
502
5000000
5000000
5000000
5000000
5000000
5000000
5000000
5000000
5000000
5000000
4999991
5000000
5000000
5000000
5000000
5000000
5000000
5000000
5000000
5000000
5000000
4074740
5000000
5000000
5000000
5000000
5000000
5000000
5000000
5000000
5000000
5000000
172
5000000
5000000
5000000
5000000
5000000
5000000
5000000
5000000
5000000
5000000
4999992
5000000
5000000
5000000
5000000
5000000
5000000
5000000
5000000
5000000
5000000
4074741
5000000
5000000
5000000
5000000
5000000
5000000
5000000
5000000
5000000
5000000
173
5000000
5000000
5000000
5000000
5000000
5000000
5000000
5000000
5000000
5000000
4999992
5000000
5000000
5000000
5000000
5000000
5000000
5000000
5000000
5000000
5000000
4074741
5000000
5000000
5000000
5000000
5000000
5000000
5000000
5000000
148358
5009583
174
3752671
5005095
0
0
0
0
0
0
0
0
4999992
429
0
0
0
0
0
0
0
0
148340
5009582
4074743
3752663
3970713
0
4999999
4999999
4999999
4999999
4999999
4999999
4999999
174
0
4999999
4999999
4999999
4999999
4999999
4999999
4999999
5005094
148340
4999995
5009582
3752663
5005087
2904499
3970725
193
4999999
193
4999999
193
4074740
4999999
193
4999999
193
4999999
193
4999999
193
4999999
45623
-3
0
0
0
0
0
0
0
0
0
0
-1
0
0
0
0
3786428
2
2
2
2
2
-1
2
2
10121
5004474
26195
3786429
3786428
3269638
5000001
5000001
-1
5000001
5000001
5000001
5000001
5000001
164
5005084
533993
539697
3362876
4999993
3421683
4999999
4920957
3305086
773330
778998
754491
760164
1882836
1889998
-5
473
141052
4748655
3190566
5009222
1105237
-2
3970805
5005087
0
5000000
-3
0
0
0
0
0
0
3231178
3231178
3231178
3231178
4999994
3231178
3231178
3231180
3510092
44919
5004438
22989
4883536
1607426
1607420
-5
3596654
3596560
76717
76717
76717
76717
76717
76717
76719
5005084
-3
4999999
183079
183079
183079
183079
183079
183079
183093
1240418
1240418
4999993
1240418
1240418
1240418
1240419
1240418
98693
98693
98693
98693
98693
-5
98693
98693
-3
3229805
3229805
3229805
3229805
3229805
3229805
3229807
-3
4999950
141053
1614812
4778242
4778246
5009222
0
5000000
1105343
104
4999993
-2
4999996
5005064
423
0
4999999
4999990
-5
134
2773476
-5
2773476
2773476
2773476
2773476
2773476
2773487
3228949
3228949
3228949
3228949
-3
437
3228949
3228949
3228950
4349889
4115593
4349887
4115592
4349886
4115592
4349886
4999993
4115592
4349887
4115592
4349889
4115593
4349895
4115656
3099867
3099866
3099865
-5
3099865
3099866
3099867
3099869
1130162
3138149
2997996
2857842
2717690
2577540
-3
2331066
2396341
2328347
2260359
2192379
2124407
2056446
1988497
1920561
1852639
4999993
1890923
3155643
3015489
2875334
2735181
2595029
2266340
2404821
2336825
2268835
-5
2200853
2132878
2064914
1996962
1929023
1861099
1981489
3173137
3032983
2892828
-3
2752673
2612520
2239799
2413304
2345307
2277316
2209331
2141355
2073388
2005434
4999993
1937493
1869567
2033930
3190633
3050478
2910323
2770168
2630015
2240889
2421791
-5
2353793
2285801
2217815
2149837
2081869
2013913
1945970
1878042
2058790
3208129
-3
3067975
2927820
2787665
2647512
2266378
2430281
2362283
2294290
2226304
2158325
4999991
472
2090356
2022399
1954454
1886525
2059296
3225626
3085473
2945318
2805164
2665012
93
2319492
2438775
2370777
2302784
2234798
2166819
2098850
2030892
1962946
1895015
93
2032223
2161500
2173313
2135565
2148802
2105407
2121508
3243123
3102971
2962818
4999991
2822666
2682514
2410648
2447273
2379275
2311283
2243297
2175318
2107349
2039391
188
1971445
1903513
2182857
1967160
1143139
2843
9376
1143001
3100212
3100213
-1
3100213
3100214
3100214
3100103
3100103
3100104
3100105
3100108
3100108
3100110
1
3100112
3100116
3100230
2778719
2778719
2778720
2778720
2778720
2778567
2778567
1
2778568
2778568
2778568
2778569
2778569
2778570
2778571
2778725
3231963
3231963
0
3231963
3231963
3231963
3231981
3231981
3231981
3231981
3231981
3231982
3231982
3864
3231982
3231982
3231962
4339107
4339107
4339108
4339109
4339110
4386520
4386521
5
5000010
4386522
4386523
4386525
4386527
4386530
4386532
4386535
4339131
4145686
4145686
2
4145686
4145687
4145687
4118138
4118138
4118139
4118140
4118140
4118142
4118144
6
4118146
4118147
4145701
1070335
1070335
1070334
1070335
1070335
1401354
1401354
5
1401354
1401355
1401355
1401355
1401355
1401355
1401356
1070335
2330018
2330018
4
2330018
2330018
2330018
111976
111976
111976
111977
111977
111977
111977
2
111977
111977
2330019
419248
419248
419248
419248
419248
2906042
2906043
0
2906043
2906043
2906044
2906044
2906045
2906046
2906047
419254
3232838
3232838
5
3232838
3232838
3232838
3232855
3232856
3232856
3232856
3232856
3232856
3232856
5000030
3232856
3232856
3232837
284057
284057
284057
284057
284057
84714
84714
2
84714
84714
84714
84714
84714
84714
84714
284058
3234124
3234124
4
5000000
3234124
3234124
3234124
3234141
3234141
3234141
3234141
3234141
3234141
3234141
8
3234142
3234142
3234123
-662
-662
-662
-662
-662
-441
-441
3
-441
-441
-441
-441
-441
-443
-443
-662
-436
-428
0
-428
-430
-428
-661
-661
-661
-661
-661
-661
-661
2
-661
-661
-430
9
11
11
11
11
5000000
5000000
5000060
5000000
5000000
5000000
5000000
5000000
5000000
5000000
11
-972
4999936
1145431
4999939
4999939
4999939
4999940
-192
-192
-192
-192
-192
-192
800
-192
-192
-192
4999939
4999980
4999982
4999982
3231178
3229805
3231178
3229805
3231178
3229805
3231178
3229805
3231178
3229805
3231178
3229805
3231180
3229807
3229805
3228949
3229805
3228949
4999981
3229805
3228949
3229805
3228949
3229805
3228949
3229805
3228949
3229807
3228950
3231963
3232838
3231963
3232838
3231963
3232838
3231963
3232838
3231963
3232838
4999984
3231981
3232855
3231981
3232856
3231981
3232856
3231981
3232856
3231981
3232856
3231982
3232856
3231982
3232856
3231982
3232856
3231982
3232856
3231962
3232837
-140
1145609
3232838
3234124
3232838
3234124
3232838
3234124
3232838
3234124
3232838
3234124
3232855
3234141
3232856
3234141
3232856
3234141
3232856
3234141
3232856
3234141
-140
3232856
3234141
3232856
3234141
3232856
3234142
3232856
3234142
3232837
3234123
5000000
5000000
5000000
5000000
5000000
-140
5000000
5000000
5000000
5000000
5000000
5000000
5000000
5000000
5000000
5000000
4999983
5000000
5000000
5000000
5000000
5000000
5000000
5000000
5000000
5000000
5000000
-138
5000000
5000000
5000000
5000000
5000000
5000000
5000000
5000000
5000000
5000000
-118
5000000
5000000
5000000
5000000
5000000
5000000
5000000
5000000
5000000
5000000
-118
5000000
5000000
5000000
5000000
5000000
5000000
5000000
5000000
5000000
5000000
-122
5000000
5000000
5000000
5000000
5000000
5000000
5000000
5000000
5000000
5000000
-117
5000000
5000000
5000000
5000000
5000000
5000000
5000000
5000000
5000000
5000000
4999983
5000000
5000000
5000000
5000000
5000000
5000000
5000000
5000000
5000000
5000000
4999982
5002749
5000000
5000000
5000000
5000000
5000000
5000000
5000000
5000000
5000000
5000000
4999981
5000000
5000000
5000000
5000000
5000000
5000000
5000000
5000000
5000000
5000000
4999981
5000000
5000000
5000000
5000000
5000000
5000000
5000000
5000000
5000000
5000000
4999981
5000000
5000000
5000000
5000000
5000000
5000000
5000000
5000000
5000000
5000000
4999981
5000000
5000000
5000000
5000000
5000000
5000000
5000000
5000000
5000000
5000000
4999981
5000000
5000000
5000000
5000000
5000000
5000000
5000000
5000000
5000000
5000000
4999981
5000000
5000000
5000000
5000000
5000000
5000000
5000000
5000000
5000000
5000000
4999981
5000000
5000000
5000000
5000000
5000000
5000000
5000000
5000000
5000000
5000000
-122
5000000
5000000
5000000
5000000
5000000
5000000
5000000
5000000
5000000
5000000
-140
5000000
5000000
5000000
5000000
5000000
5000000
5000000
5000000
5000000
5000000
-140
-8
5000000
3228949
3228949
3228949
3228949
3228949
3228949
3228950
3231963
3231963
3231963
3231963
3231963
3231981
3231981
3231981
3231981
3231981
3231982
3231982
3231982
3231982
1502354
1502354
1502354
1502354
1502354
1502353
1502353
1502353
1502353
1502353
1502353
1502353
1502353
1502353
1502354
0
0
4999999
4999999
4999999
4999999
4999999
4999999
4999999
5009810
5009810
5009810
5009810
5009810
5009810
5009810
4999998
4999998
174
4349889
4349887
4349886
4349886
4349887
4349889
4349895
174
-3
-1
-3
-3
-3
-3
-3
977
-3
-3
93
5000010
3231962
4339107
4339107
4339108
4339109
4339110
4386520
4386521
4386522
4386523
4386525
4386527
4386530
4386532
4386535
4339131
-1
173
0
1070335
1070335
1070334
1070335
1070335
1401354
1401354
1401354
1401355
1401355
1401355
1401355
1401355
1401356
1070335
5000176
5000176
5000176
5000176
5000176
5000184
5000184
5000184
5000184
5000184
5000184
5000184
5000184
5000184
5000176
932
-662
-662
-662
-662
-662
-441
-441
-441
-441
-441
-441
-441
-443
-443
-662
-436
-428
-428
-430
-428
-661
-661
-661
-661
-661
-661
-661
-661
-661
-430
9
5000011
5000009
0
0
0
0
0
0
0
0
4999999
193
193
5000002
193
193
193
193
193
5000006
0
0
0
0
5000007
0
0
0
5000008
5000008
19
3421683
754491
760164
5000009
5000009
5000010
5000011
5000012
5000013
5000016
5000019
5000021
286
4999999
4999999
4999999
4999999
4999999
4999999
4999999
172
98693
98693
98693
98693
98693
98693
98693
-5
-5
2773476
-5
2773476
26
28
29
29
5000098
36
37
41
44
48
-5
2773476
31
52
58
65
2773476
-5
2773476
-5
2773487
93
4074741
188
4999991
4074743
-3
1
4999990
-2
4074740
5000007
2330018
2330018
2330018
2330018
2330018
111976
111976
111976
111977
111977
111977
111977
111977
111977
2330019
2338679
2338679
2338679
2338679
2338679
119767
119767
119767
119767
119767
119767
119767
119767
119767
2338681
5000022
5000022
5000023
5000024
75
5000026
5000028
5000029
5000032
5000035
5000040
5000045
5000051
5000058
284057
419248
284057
419248
284057
419248
284057
419248
284057
419248
84714
2906042
84714
2906043
84714
2906043
84714
2906043
84714
2906044
84714
2906044
84714
2906045
84714
2906046
84714
2906047
284058
419254
2337030
2337030
2337030
2337030
2337030
118385
118385
118385
118385
118385
118385
118385
118385
118385
2337031
15
-88
4999999
4999999
1
4999988
6203
4999997
8
11
13
7
5000051
9
16
14
17
16
20
21
25
26
666
1144151
-1
5000080
5000011
0
0
0
0
5000012
0
0
0
33
4999999
0
4999999
3786428
3786429
3786428
164
3362876
4999999
773330
778998
-5
-2
5000000
4999999
0
188014
188014
188014
2773476
188014
188014
188014
188029
0
4074740
4999991
4999999
4999950
4999996
183079
76717
188018
183079
76717
188018
183079
76717
188018
183079
76717
188018
183079
76717
188018
183079
76717
188018
183093
76719
188033
1240418
1240418
1240418
1240418
1240418
1240419
1240418
4074741
4999992
4999993
3100214
3229805
3229805
3229805
3229805
-126
3099867
3099866
3099865
4749109
3099865
3099866
3099867
3099869
3190581
4999995
4999993
4999993
25
19
5000140
5000019
27
29
28
5000096
5005064
36
37
40
43
47
4999993
5000018
5000018
5000019
5000019
60
5000021
5000022
5000024
5000026
5000029
5000032
5000037
5000042
5000048
3100212
3100214
-5
3100213
-1
3100213
3100103
3100103
3100104
3100105
3100108
3100108
3100110
3100112
3100116
3100230
2778719
2778719
2778720
2778720
2778720
-972
5000089
4999936
4999939
4999939
4999939
4999940
-192
-192
-192
-192
-192
-192
-192
-192
-192
4999939
4999980
4999982
4999982
4999981
4999984
-140
-140
-140
4999983
-140
-140
-140
-140
2778567
11
9
12
10
14
14
18
2778567
4
2778568
5000027
148358
5009583
5005095
2778568
2778568
2778569
2778569
2778570
2778571
2778725
4999993
3229805
4749103
5009582
3229805
3229807
3120492
4999992
4749103
4999999
4999999
4999999
4999999
4999999
2980341
134
5005094
472
5009582
5005087
2904499
4748654
4999993
0
4749103
2
2
2
2
2
2
2
5004474
2840188
4749104
3269638
2700038
5005084
533993
539697
4749103
2559892
4920957
3305086
4749103
2455790
1882836
3596654
1889998
3596560
5009222
4749104
5005087
2387794
5004438
4749104
2319805
4749103
2251819
4749106
2183843
4749105
2115876
4749105
4999991
5005084
4749105
5000000
5009222
0
4749108
4999992
4999994
4183234
4183234
4183234
4183235
4183235
4155685
4155685
4155685
4155686
4155686
4155687
4155689
4155690
4155692
4183245
4338922
4338922
4338923
4338923
4338924
4386306
4386306
4386307
4386308
4386309
4386311
4386314
4386316
4386319
4338942
-87
-8
1144370
1600121
0
-118
-118
-122
-117
4999983
4999982
4999981
4999981
4999981
4999981
4999981
4999981
4999981
-122
5000013
5000014
5000016
5000017
5000020
5000023
5000030
148340
141053
5000013
148340
0
26195
5000001
5000001
5000001
5000001
5000001
5000001
32
141052
3190566
2778482
2778481
2778481
2778481
2778481
2778482
2778493
3232838
4153342
4153342
4153341
4153341
4153342
4153342
4153403
44919
3232838
3232838
3232838
3232838
3232855
3232856
3232856
3232856
3232856
3232856
3232856
3232856
3232856
0
21
18
5000072
41
2342790
2342790
2342790
2342790
2342790
123653
123654
123654
123654
123654
123654
123654
123654
123654
2342792
1967160
3155643
3015489
2875334
2735181
2595029
1929023
1861099
1981489
1971445
2311283
2243297
8
5000013
5000012
2105402
-138
2822666
2682514
2379275
-145
2005434
4999999
3190633
3050478
2910323
2770168
2630015
2081869
1878042
2058790
5000001
2175318
53
4748655
1903513
3102971
4349885
4349884
4349884
4349884
4349884
4349886
4349891
2962818
2783351
2783351
2783352
2783352
2783352
2158325
2783068
2783068
2783068
3243123
59
2783068
2783069
2783069
2783070
2107349
2783071
2783072
2783358
4999993
17
20
2039391
5000013
5000013
38
423
4999980
-567
4999983
1895015
3752671
1937493
1912047
0
0
0
0
5000120
0
2013913
3208129
2032223
3067975
2927820
2787665
2647512
1105237
2226304
0
3510092
2090356
22989
1954454
5000000
1105343
1844125
2064914
4115593
1870
5000014
5000015
5000016
5000017
5000019
5000022
5000025
5000030
5000034
473
4115592
4115593
4115592
2410648
2447273
-144
2239799
2413304
2345307
2277316
2209331
2141355
1869567
1123
3752663
2030892
3752663
2033930
26
25
4115592
29
29
33
2266378
36
2430281
20
45
2362283
5000017
2294290
2778481
3231178
4349885
4115592
2778492
3231180
472
2166819
3173137
3032983
2892828
2752673
2612520
4115656
4349894
4145687
4118146
4145687
4118138
4118138
4118139
4118140
1996962
1614812
1607420
1607426
1962946
4349887
2778481
3231178
4349886
2778481
3231178
4349885
2778481
3231178
4118142
4349886
2778481
3231178
2217815
4145686
4145686
2098850
66
4118140
2783444
2778481
3231178
4349887
2266340
2404821
2336825
23
2268835
2783288
2783290
2783449
2047929
3232837
2132878
2370777
2302784
437
22
24
4339188
4386590
4386591
4386592
4386593
4386595
4386597
4778242
4883536
4778246
1227393
4999999
0
5008163
4999999
10121
-95
-94
2783443
1271905
193686
1271904
193703
4386602
2783444
2783444
2783286
2783286
2783287
2783287
2783287
2783288
2783289
2200853
4339187
4145686
4339186
2319492
2438775
2577540
450741
2997996
1852639
1890923
1945970
2857842
429
1271905
193685
1271905
193685
1271905
193685
2939304
513
502
1886525
2059296
5000157
3225626
3085473
2945318
2805164
2665012
2717690
3138149
2353793
45623
0
-3
5000000
-1
0
54
2285801
2124407
5000029
2056446
1988497
2149837
2073388
5000027
-114
2939307
18
-118
-113
2192379
5000026
2939302
3234123
2939301
5000028
2022399
2328347
-116
450728
450728
2260359
2234798
5000034
30
29
5000036
5000039
5000048
5000043
1143001
9376
2843
1143139
2783443
2331066
2396341
2240889
93
2421791
50
45
3234141
3234142
3234124
4339185
3234124
3234124
3234124
1271905
193685
1271905
193685
4999999
5000062
37
4339207
4145701
4999999
5000086
32
43
3234141
3234141
5000032
-116
27
-115
63
3234141
2939302
3234124
4339184
3234141
2939303
3234141
2939303
3234142
2939306
3234141
2939301
68
5000071
4999999
3260620
-112
3970725
3970713
3970805
55
5000055
9
450728
4999983
11
11
2047897
1912018
5000000
5000000
5000000
11
450729
4999986
4999999
4999999
104
36
26
33
1130231
5000000
0
0
0
0
0
0
0
808
5000154
29
5000025
26
2840169
2251800
2455774
4118147
4386605
5000065
57
1844097
24
5000027
5000022
3120471
25
32
5000032
5000040
38
450728
-96
5000024
2980320
11
1979951
5000026
-77
4999983
2700018
11
5000000
4999985
86
2559870
5000100
5000034
4999985
39
5000000
2319785
1145431
3864
800
1145609
45
-68
5000058
1979981
4386599
4999984
4118144
51
5000000
5000051
41
2115855
5000045
4999985
5000000
4999987
5000036
4999986
4999986
2183823
5000000
2
4999985
4999985
1920561
2
2161488
5
2121508
2182857
2105407
3
2173313
5000030
2148802
5009757
2173296
2121501
5002749
0
1130162
5000030
4
8
2135557
4749099
2148793
5
2387777
1740182
5
4748687
2
6
5000000
0
1130241
2161500
2182835
4
5000060
2
2135565
5000000
-3280
1513374
-2817
5000000
78
5000000
-14431
0
14431
