%%MatrixMarket matrix array real general
12127 1
-317
-1595
24344949
24913781
27907144
24946999
28029227
-6871
-273
-1305
24367288
24816579
57647548
24946999
57697587
-1743
-273
-1305
24367288
24816579
57647548
24946999
57697587
-1743
-273
-1305
24366858
24816552
57208446
24946999
57258499
-1736
-273
-1305
24366858
24816552
57208446
24946999
57258499
-1736
8371807
18733485
18675931
18694128
8073525
8041824
23481212
57696836
23264678
8032338
19614672
-9056173
-9044526
-9115838
18999761
8041824
23481382
57719193
23264719
8032338
20462017
-9053579
-9041669
-9113801
19847723
18971298
-9085205
-9238700
-9133138
18733671
19888644
-9082647
-9235879
-9131151
19651500
4288940
-9084304
-9243144
-9131425
4051521
6733507
-9095833
-9253450
-9140852
6493888
58230467
-9000173
-8976429
-9073364
57628898
9628533
-9053809
-9045445
-9113155
9014190
10830251
-9051834
-9043064
-9111646
10216380
8656232
-9072866
-9230274
-9122525
8420985
9860021
-9070886
-9227876
-9121017
9625148
8364225
19667647
19594680
19629133
8072645
10221579
-9040337
-8988592
-9106550
9247906
11434193
-9038344
-8986199
-9105023
10461096
9189410
-9083450
-9240483
-9131079
8952140
10452999
-9081489
-9238103
-9129591
10216099
24696390
-9078341
-9229990
-9128018
24460053
23151505
8985196
8897577
8931892
22623698
22079379
10243263
10101330
10192183
21593640
13397758
8946430
8372555
8910765
13349600
13168721
10206825
9577877
10172715
13144983
58746068
9046550
9070342
8973929
57840733
58248990
10306283
10285281
10235529
57394198
1008995
6073723
4924629
6049276
1449685
5531903
6100377
4951078
6070527
5978565
960951
6405350
5234271
6381649
1425156
5837863
6432695
5261544
6403430
6308200
57835151
-2968279
-3525048
-3019459
57802170
57856647
-2968248
-3525010
-3019436
57823672
59991599
-2993789
-3982138
-3034500
60077524
59956509
-2993837
-3982197
-3034536
60042425
-11113475
-3027332
-3610307
-3062186
-11157698
8126611
-11027381
-3076351
-11139829
8040943
8461067
8794351
8893227
8750929
8085555
8449038
10082634
10158015
10040118
8084034
3156480
2627820
1488572
2605427
3269900
3140903
2627788
1488572
2605404
3254308
3162987
2628157
1509441
2605527
3270983
3147410
2628125
1509441
2605504
3255391
7039233
61262476
60071848
61264377
7902972
57773190
59016658
57798084
59053937
57757552
57795305
59040982
57819685
59079336
57780082
7030376
61301373
60107123
61303438
7901840
8910205
18731683
18877341
18682609
8145244
28074200
55934921
61004921
55886531
28057621
28074200
55934921
61004921
55886531
28057621
28074200
55934921
61004921
55886531
28057621
28074200
55934921
61004921
55886531
28057621
55904177
55976498
61004931
55915040
55898220
46465177
55958657
61004926
55902598
46454569
61483610
61390065
61003065
61355284
61368544
61505100
61428584
61003373
61394309
61404839
19517898
4073774
3280872
4033350
19630684
18574877
4069807
3265405
4030460
18693300
8840876
19644842
19727442
19597966
8136139
28073686
46537112
55888950
46454678
28055547
8049231
46535817
61338718
46443097
8035980
8049231
46536123
61377960
46443177
8035980
8369542
4039156
3994112
3998190
8073103
13300880
57711714
57537973
57696063
13175642
13506865
57689940
57537881
57673970
13377383
8062959
28212756
46435579
28069040
8034791
7999999
7999999
7999999
19656154
7999999
7999999
7999999
20619317
7999999
7999999
7999999
14503298
7999999
7999999
7999999
15004864
7999999
7999999
7999999
16021232
7999999
7999999
7999999
16036390
7999999
7999999
7999999
-4626580
7999999
7999999
7999999
-4625156
7999999
7999999
7999999
-7312626
7999999
7999999
7999999
-2704191
7999999
7999999
7999999
-7310521
7999999
7999999
7999999
-2703492
7999999
7999999
7999999
-7315963
7999999
7999999
7999999
-2705305
7999999
7999999
7999999
-7323647
7999999
7999999
7999999
-2707851
7999999
7999999
7999999
-4592632
7999999
7999999
7999999
-4627041
7999999
7999999
7999999
-4625855
7999999
7999999
7999999
16036390
7999999
7999999
7999999
-7306355
7999999
7999999
7999999
-2702118
7999999
7999999
7999999
-7304564
7999999
7999999
7999999
-2701524
7999999
7999999
7999999
-4533561
7999999
7999999
7999999
-4532368
7999999
7999999
7999999
-7313970
7999999
7999999
7999999
-2704642
7999999
7999999
7999999
-7312193
7999999
7999999
7999999
-2704052
7999999
7999999
7999999
-7306121
7999999
7999999
7999999
-2702031
7999999
7999999
7999999
2337297
7999999
7999999
7999999
2350479
7999999
7999999
7999999
2491666
7999999
7999999
7999999
16036174
7999999
7999999
7999999
2505258
7999999
7999999
7999999
-2211992
7999999
7999999
7999999
-2211973
7999999
7999999
7999999
-4352838
7999999
7999999
7999999
-2378697
7999999
7999999
7999999
-4352882
7999999
7999999
7999999
-2378712
7999999
7999999
7999999
-2254407
7999999
7999999
7999999
8250710
7999999
7999999
7999999
7654260
7999999
7999999
7999999
6290748
7999999
7999999
7999999
2473993
7999999
7999999
7999999
2184153
7999999
7999999
7999999
5403093
7999999
7999999
7999999
8225700
7999999
7999999
7999999
57705393
7999999
7999999
7999999
16036174
7999999
7999999
7999999
7999999
7999999
7999999
7999999
7999999
7999999
7999999
7999999
7999999
7999999
7999999
7999999
7999999
7999999
7999999
7999999
7999999
7999999
7999999
7999999
7999999
7999999
7999999
7999999
7999999
7999999
7999999
7999999
7999999
7999999
7999999
7999999
7999999
0
-273490
0
14670565
0
-3220111
0
12193582
61340203
57258499
61379449
57697587
57697587
-13684912
57258499
-13705334
7999999
7999999
-5178785
-5177386
-5181013
-5186113
-5174629
-5173439
-5179686
-5178504
-5174461
-3852121
-3852150
7425135
3921009
1884629
3336920
4941756
5251699
55890488
9478661
-9028831
-9224374
-8966752
-3983558
-3983617
-3608841
24306986
-9031207
-9221978
-9232197
-9234574
-8964364
24337779
24337779
24337343
24337343
-9224090
-9030290
-9027438
-9232793
-9229974
-9237233
4138513
-9247530
4915352
5224472
-3523654
-3523617
-8962307
4001237
-13705334
18683090
19601678
28029227
6044942
22525770
21501574
-13684912
6378356
8909835
46438198
10304608
9578858
60088743
60053631
57819108
24411457
9090789
8374100
10112634
6440222
57540765
57797597
-3073101
19634691
14670565
-273490
1486594
1507577
57699643
57722001
18697493
12193582
-3220111
57697587
57258499
61379449
61340203
13121945
13322937
8902143
10166686
-136
-479
15468554
15275969
167003
15343123
185374
-812
-258
-1264
24278623
24820056
-9741558
24946999
-9693070
-1523
-258
-1264
24278623
24820056
-9741558
24946999
-9693070
-1523
-271
-1305
24340632
24816694
41729835
24946999
41779877
-1537
-271
-1305
24340632
24816694
41729835
24946999
41779877
-1537
-333
-1741
28997293
29968321
9890417
30131338
9957179
-1801
-344
-1787
29042075
29965092
30062817
30131338
30131338
-1702
-138
-489
15459599
15275138
-11197882
15343123
-11179118
-733
-140
-480
15493156
15275042
33575438
15343123
33593839
-835
8616116
14638110
15330909
14580964
8104850
62474482
-8998717
-8936603
-9080021
61197895
23501312
-9085887
-9237779
-9133977
23263546
23043624
-9079049
-9066019
-9134561
22423290
-8967719
-9065178
-9063861
-9120786
-9584748
-399234
371345
-577128
346761
-381788
408965
383899
-1666
351127
352068
-27736
383214
-1671
350663
-85031
30589298
359173
-1896
332105
30514264
8710424
8894227
5539870
8903675
9800497
31208071
4135416
5493961
4057153
30290468
8718940
-9642918
-9172336
-9694122
8120913
24750388
10012021
9119021
9977126
24935143
41328744
10045549
8927653
10006569
41725726
33604880
260250
-383146
217750
33600957
15764212
225063
328876
181840
15419767
338895
268630
-103914
223589
211894
8038833
23478416
61004071
23270798
8028970
8840745
22376690
23196286
22321327
8137148
9062484
8417090
8440261
8357898
8425765
8911026
8117322
8288949
8054446
8141297
6626631
27583550
24973937
27595566
7837618
7999999
7999999
7999999
11656357
7999999
7999999
7999999
18686225
7999999
7999999
7999999
15993169
7999999
7999999
7999999
15993169
7999999
7999999
7999999
17663037
7999999
7999999
7999999
16023271
7999999
7999999
7999999
16023271
7999999
7999999
7999999
-6081519
7999999
7999999
7999999
-4565886
7999999
7999999
7999999
-4565886
7999999
7999999
7999999
-7311933
7999999
7999999
7999999
-2703958
7999999
7999999
7999999
18315893
7999999
7999999
7999999
-4637290
7999999
7999999
7999999
-4636226
7999999
7999999
7999999
-397922
7999999
7999999
7999999
-1058602
7999999
7999999
7999999
-817527
7999999
7999999
7999999
1887926
7999999
7999999
7999999
-7330240
7999999
7999999
7999999
-10074786
7999999
7999999
7999999
-5523474
7999999
7999999
7999999
15251375
7999999
7999999
7999999
11651842
7999999
7999999
7999999
11668479
7999999
7999999
7999999
11205717
7999999
7999999
7999999
18337449
7999999
7999999
7999999
7999999
7999999
7999999
7999999
7999999
7999999
7999999
0
0
0
-5178321
-3480315
-9513867
-8755368
8306675
8455025
-100450
29003290
-9049593
24250440
24250440
27638772
6509790
30479182
15446693
24311242
14547324
15480219
15455863
24311242
-577116
9115442
-9051747
22311134
28959689
-9693070
-8908545
-9231872
33593839
41779877
8919493
9957179
5515420
30131338
337090
-382503
185374
15343123
-11179118
61005937
24946999
23212687
-9158423
-131
-74
578261
-53508
-2863
0
0
-71
-48
341
5857203
4980718
13080
5000000
0
59
-125
-88
10399926
9780838
566870
9832903
570258
-450
-131
-91
10399909
9779036
2297705
9832903
2301224
-291
-135
-84
10405884
9777892
5855262
9832903
5858520
-147
-16
-28
26911827
26418782
-1090
26432867
0
-249
0
205
27598971
26607075
7874
26609009
0
16
0
0
27601306
14551012
0
14545651
0
-332
0
0
27601306
14381757
0
14376327
0
-332
0
0
27601306
14210215
1000000
14204716
1000000
-281
0
0
27601306
14078451
1000000
14072898
1000000
-282
0
0
27601306
10572577
3000000
10565312
3000000
-181
3932787
-1756097
-2313764
-1802847
3539212
5770260
-1792039
-2353507
-1827200
5655109
5770260
-1792039
-2353507
-1827200
5655109
18158221
-1770484
-2328339
-1810711
18048161
17479353
-1768098
-2368822
-1806605
17448751
13678259
-1778799
-2337938
-1817091
13566240
15509029
-1775685
-2376800
-1812530
15477014
13664527
-1778820
-2337963
-1817106
13552503
14479660
-1781609
-2382798
-1817177
14446547
13652204
-1778839
-2337985
-1817121
13540176
14235272
-1786205
-2387211
-1820806
14201310
13640916
-1778856
-2338006
-1817134
13528884
14681865
-1789683
-2390287
-1823579
14647267
13624686
-1778879
-2338034
-1817151
13512648
15746158
-1792199
-2392209
-1825619
15711105
14602457
-1777682
-2336521
-1816251
14490708
13962715
-1794769
-2395335
-1827557
13927180
14164809
-1796642
-2354455
-1831282
14048793
26808742
17281070
13533401
17377319
26805790
14696057
13968084
13527363
13924843
14476676
12294536
-1536163
5619040
466965
12291375
27406021
6002402
5605628
5938031
26879291
8080506
18026478
17431135
17998996
8034506
14451662
15332633
13519412
15399450
14445325
14511373
13967184
13513864
13924329
14302923
8092154
16026224
15456836
15996720
8035677
8281970
4033959
3463470
3996449
8059673
14278257
14351519
13506859
14384855
14272719
14346465
13966378
13501751
13923869
14147826
26806489
2666089
12279416
2602120
26804895
8036870
2387926
12279089
2311665
8028209
8118629
14940442
14424024
14908741
8038935
14123589
14145325
13495360
14153951
14118696
14202099
13965653
13490656
13923457
14012463
8140868
14649358
14176932
14615926
8041687
13988761
14621436
13478935
14612592
13984378
10695291
13960914
13474594
13920058
10513171
8159297
15057992
14621446
15023262
8043987
10178655
15710195
14463141
15687329
10443732
27290935
14028280
14447269
13965438
26869089
8174216
16094029
15684200
16058415
8045872
8318256
14060432
13896685
14019087
8065171
7887106
16890827
16058177
16860470
8006659
8294357
14435834
14004133
14394478
8060819
26572004
-1766885
-2321693
-1808325
26462907
26934743
-1776117
-2330268
-1815693
26823573
26658832
-1773775
-2370539
-1811625
26627225
14608668
-1801341
-2401206
-1832760
14571935
14439459
-1801585
-2401502
-1832944
14402680
14267965
-1801833
-2401802
-1833130
14231140
14136237
-1802023
-2402033
-1833273
14099376
10630049
-1805010
-2406240
-1835456
10592619
8349258
26815744
26426290
26780661
8070197
8282285
26813953
26603639
26779638
8061796
8414564
14487009
14537525
14440793
8077841
8415684
14315296
14368177
14268958
8077973
8406291
14161370
14196749
14115283
8076680
8407173
14027672
14064913
13981490
8076784
8398245
10532731
10557483
10485648
8075319
13125865
8209657
7912782
8104216
8545283
7999999
7999999
7999999
-1268553
7999999
7999999
7999999
-1291082
7999999
7999999
7999999
-1291082
7999999
7999999
7999999
-1278536
7999999
7999999
7999999
-1330050
7999999
7999999
7999999
-1283321
7999999
7999999
7999999
-1334028
7999999
7999999
7999999
-1283333
7999999
7999999
7999999
-1337019
7999999
7999999
7999999
-1283344
7999999
7999999
7999999
-1339219
7999999
7999999
7999999
-1283355
7999999
7999999
7999999
-1340752
7999999
7999999
7999999
-1283369
7999999
7999999
7999999
-1341710
7999999
7999999
7999999
-1282614
7999999
7999999
7999999
-1343269
7999999
7999999
7999999
-1291551
7999999
7999999
7999999
16931453
7999999
7999999
7999999
2508260
7999999
7999999
7999999
2955659
7999999
7999999
7999999
2805151
7999999
7999999
7999999
15388127
7999999
7999999
7999999
14698980
7999999
7999999
7999999
14757186
7999999
7999999
7999999
15479024
7999999
7999999
7999999
9186961
7999999
7999999
7999999
9186790
7999999
7999999
7999999
9189701
7999999
7999999
7999999
-1275221
7999999
7999999
7999999
-1279494
7999999
7999999
7999999
-1330902
7999999
7999999
7999999
-1346195
7999999
7999999
7999999
-1346343
7999999
7999999
7999999
-1346493
7999999
7999999
7999999
-1346608
7999999
7999999
7999999
-1348706
7999999
7999999
7999999
26799531
7999999
7999999
7999999
17332963
7999999
7999999
7999999
11171545
7999999
7999999
7999999
11085709
7999999
7999999
7999999
11009093
7999999
7999999
7999999
10942259
7999999
7999999
7999999
9195667
2606571
10397513
10391726
10392125
26910673
-2350535
-2405023
-2400819
-2400589
-2400289
-2399993
-2369352
-2327335
-2318775
-2351482
-2394128
-2333577
-2391004
-2335088
-2389083
-2335060
-2386010
-2335039
-2381600
-2335017
-2375608
-2334992
-2367636
-2325410
-2350535
-2305085
14915954
14009810
16055976
26609009
18017191
26432867
2301224
17432517
5858520
570258
15458480
14204716
14376327
14545651
10565312
15023085
14072898
14179584
13495381
13519011
13506678
13532755
13479138
3468664
14457554
5617643
7988601
14426217
16009136
14624477
15687536
12280055
14618963
13902870
14422743
13962942
14096968
14250610
10464002
26790628
-72
-11
10443760
9798628
16856636
9832903
16856866
-134
-72
-11
10443760
9798628
16856636
9832903
16856866
-134
-72
-11
10443760
9798628
16856636
9832903
16856866
-134
-72
-11
10443760
9798628
16856636
9832903
16856866
-134
-72
-13
10441893
9798483
14378384
9832903
14378652
-86
-72
-13
10441893
9798483
14378384
9832903
14378652
-86
-72
-13
10441893
9798483
14378384
9832903
14378652
-86
5
36
14377963
10509839
707
10503791
0
-425
5
36
14377963
10509839
707
10503791
0
-425
-72
-13
10441893
9798483
14378384
9832903
14378652
-86
5
36
14377963
10509839
707
10503791
0
-425
5
36
14377963
10509839
707
10503791
0
-425
10
72
16855490
10518015
1391
10503791
0
-385
10
72
16855490
10518015
1391
10503791
0
-385
10
72
16855490
10518015
1391
10503791
0
-385
10
72
16855490
10518015
1391
10503791
0
-385
-939
-5208
8293513
10102511
10403953
10503791
10503791
-4961
3853675
-1762713
-2321207
-1806126
3605744
10415590
-1811663
-2471357
-1842320
10364105
10089094
-1812116
-2471905
-1842662
10037477
11488129
-1733665
-2290399
-1783110
11249714
9108112
-1738019
-2295590
-1786468
8868205
10662215
-1803124
-2361879
-1836227
10544680
17235129
4064273
3547799
4018921
16923561
14506555
11859729
11205971
11825434
14415010
18113515
9411232
8820888
9367520
17926615
12283289
8197680
8110600
8096007
8510903
7999999
7999999
7999999
11849819
7999999
7999999
7999999
13038681
7999999
7999999
7999999
9249515
7999999
7999999
7999999
9086246
7999999
7999999
7999999
8712897
7999999
7999999
7999999
9210444
7999999
7999999
7999999
9210444
7999999
7999999
7999999
9209494
7999999
7999999
7999999
-1273635
7999999
7999999
7999999
-1688057
7999999
7999999
7999999
-1688329
7999999
7999999
7999999
-1258306
7999999
7999999
7999999
-1260889
7999999
7999999
7999999
-1295252
7999999
7999999
7999999
9069181
7999999
7999999
7999999
8662288
7999999
7999999
7999999
13218645
7999999
7999999
7999999
9209494
8551667
9258133
-2470422
-2284681
-2289853
-2315384
10439790
10437884
10439790
10437884
-2469875
-2358893
10331721
17884187
3554990
10004959
8825427
10503791
11208338
8181406
-68
-38
10413767
9799256
-1841280
9832903
-1839786
-328
-68
-38
10413767
9799256
-1841280
9832903
-1839786
-328
-71
-42
10412314
9798189
1913998
9832903
1915611
-217
-71
-42
10412314
9798189
1913998
9832903
1915611
-217
-402
-2206
34886357
36385640
233308
36584373
317886
-2530
-430
-2343
34971828
36376619
36494532
36584373
36584373
-2232
9712510
327365
-508720
301244
9837569
806395
379413
-477428
343502
953926
-1706737
-1755351
-2322838
-1797175
-1813737
-1011275
-510813
-4010547
-498602
145365
38031606
-6128453
-4065216
-6218988
36793377
8147054
-1832159
-1826755
-1863119
8044352
1781869
356334
-484177
324596
1911835
9352672
7728964
9806083
7642358
8203825
7999999
7999999
7999999
-4345802
7999999
7999999
7999999
-5925762
7999999
7999999
7999999
9168053
7999999
7999999
7999999
9168053
7999999
7999999
7999999
9167324
7999999
7999999
7999999
9167324
7999999
7999999
7999999
7766553
7999999
7999999
7999999
21215428
7999999
7999999
7999999
-1275802
7999999
7999999
7999999
-1943885
7999999
7999999
7999999
-1955769
7999999
7999999
7999999
-1940818
7999999
7999999
7999999
-2328632
7999999
7999999
7999999
21256036
966466
7999999
966466
7573882
0
4000000
34922076
10409723
10409723
10408065
-486599
-511130
34839847
-2319918
-1839786
10408065
-480159
-6271987
36584373
-4036517
7573882
1915611
966466
317886
9832903
14378652
16856866
-1824063
52
667
5447670
4026343
25572
4000000
0
453
7989492
4034007
3293644
3993291
8017943
-12639190
1805543
841158
1781612
-12516011
-15736059
1804104
836636
1780792
-15613411
-15736059
1804104
836636
1780792
-15613411
-15736059
1804104
836636
1780792
-15613411
-11092527
1791719
623583
1773021
-11018055
-11872362
1791347
622751
1772765
-11797957
934697
1806369
800333
1782358
1015715
17833211
1838364
884466
1806029
17964269
17833211
1838364
884466
1806029
17964269
8100371
1431728
1009875
1398922
8036246
18604536
1840829
886901
1807948
18736134
18604536
1840829
886901
1807948
18736134
7839132
1817934
862770
1790324
7965630
7839132
1817934
862770
1790324
7965630
9070299
1819829
864919
1791765
9197229
9070299
1819829
864919
1791765
9197229
1637321
1824477
865008
1795857
1764982
7836405
1817930
862765
1790321
7962902
7836405
1817930
862765
1790321
7962902
9066637
1819823
864912
1791760
9193565
9066637
1819823
864912
1791760
9193565
8181902
1839702
881030
1807635
8312965
8181902
1839702
881030
1807635
8312965
10593256
1844026
885886
1810946
10725303
10593256
1844026
885886
1810946
10725303
2601367
1843157
880783
1810785
2732966
7930692
2726193
1793064
2708930
8015206
7040400
3996138
2877986
3979520
7899689
7423038
8136789
6753937
8112068
8002498
-331797
8103429
6720335
8085699
240259
-197881
7110499
5776416
7090882
301950
6509725
7142014
5807560
7115838
7016504
7215585
7898576
6452511
7874576
7769233
-357298
7865001
6419556
7848051
189009
-180188
7017294
5693450
6997403
313513
-3739001
4025098
3171649
3996720
-3604050
6423073
7048581
5724362
7022185
6923676
3200670
-11721800
-12690472
-11761398
3394482
3387705
-11724132
-12626516
-11763007
3419647
3168388
-10942367
-11925404
-10981582
3285528
3051518
-10940964
-11908113
-10980672
3270033
-12005816
1628168
323369
1609094
-11755270
2559270
1659320
323733
1633434
2830421
2575611
1658002
268502
1632810
2832571
-11212237
1627508
268203
1608983
-10972784
2599373
1660997
373769
1634186
2835841
-11966805
1629817
373425
1609837
-11749996
-11183319
1630857
383994
1610512
-10968814
2603213
1661312
384318
1634330
2836365
12234441
18927504
17980943
18899028
12477055
6490324
6805563
5463087
6777345
6732258
12018276
19769403
18754418
19743392
12296251
12175005
8813241
7973619
8776686
12315571
12292478
10100338
9206920
10065481
12483379
11047087
8811204
7970890
8775133
11187346
11115614
10097360
9203254
10063172
11306024
10967199
9372487
8332057
9346137
11287490
10771885
11852578
10747088
11828901
11152291
8130786
-11695315
-11808076
-11733219
8040062
8131868
-10914343
-11028096
-10952238
8040208
2615890
2918191
1777130
2886803
2837457
1280297
1800829
845619
1777112
1403049
1981951
1793032
839604
1770958
2103119
1981951
1793032
839604
1770958
2103119
7999657
2132188
1403260
2100935
8021984
7871158
8070923
7241755
8032821
8002332
8051010
4036515
3413269
3994060
8028127
7260924
6766593
5643821
6745714
7925531
7999999
7999999
7999999
1662337
7999999
7999999
7999999
17153746
7999999
7999999
7999999
302873
7999999
7999999
7999999
299876
7999999
7999999
7999999
299876
7999999
7999999
7999999
2894842
7999999
7999999
7999999
7612075
7999999
7999999
7999999
7608939
7999999
7999999
7999999
300643
7999999
7999999
7999999
6635576
7999999
7999999
7999999
5448926
7999999
7999999
7999999
298387
7999999
7999999
7999999
298387
7999999
7999999
7999999
298387
7999999
7999999
7999999
-106771
7999999
7999999
7999999
-107186
7999999
7999999
7999999
249517
7999999
7999999
7999999
322237
7999999
7999999
7999999
322237
7999999
7999999
7999999
323450
7999999
7999999
7999999
323450
7999999
7999999
7999999
3248949
7999999
7999999
7999999
-3956403
7999999
7999999
7999999
311421
7999999
7999999
7999999
311421
7999999
7999999
7999999
312493
7999999
7999999
7999999
312493
7999999
7999999
7999999
3098481
7999999
7999999
7999999
3232201
7999999
7999999
7999999
3082056
7999999
7999999
7999999
2761550
7999999
7999999
7999999
2720196
7999999
7999999
7999999
312534
7999999
7999999
7999999
-3565562
7999999
7999999
7999999
2735603
7999999
7999999
7999999
311419
7999999
7999999
7999999
311419
7999999
7999999
7999999
312489
7999999
7999999
7999999
312489
7999999
7999999
7999999
2777072
7999999
7999999
7999999
320521
7999999
7999999
7999999
320521
7999999
7999999
7999999
322941
7999999
7999999
7999999
322941
7999999
7999999
7999999
-729893
7999999
7999999
7999999
320395
7999999
7999999
7999999
-2174420
7999999
7999999
7999999
-13529685
7999999
7999999
7999999
-14799560
7999999
7999999
7999999
-15477719
7999999
7999999
7999999
-12600602
7999999
7999999
7999999
-12251040
7999999
7999999
7999999
-12878112
7999999
7999999
7999999
-14408570
7999999
7999999
7999999
-15347380
7999999
7999999
7999999
1662337
7999999
7999999
7999999
7999999
7999999
7999999
7999999
7999999
7999999
7999999
7999999
7999999
12321986
12321986
12497623
12497623
11193304
11193304
7999999
7999999
11319583
11319583
7999999
7999999
7999999
7999999
7999999
7999999
7999999
7999999
7999999
7999999
7999999
7999999
7999999
7999999
7999999
7999999
7999999
7999999
7999999
7999999
7999999
7999999
7999999
7999999
7999999
7999999
7999999
7999999
7999999
7999999
7999999
7999999
7999999
7999999
7999999
7999999
7999999
7999999
7999999
7999999
7999999
7999999
4883137
-14257412
-15232867
-13736117
-14972195
7239426
5796791
5713733
6440655
5458074
6741576
837189
837189
862455
884407
878299
2746659
5682873
5765700
881976
3169074
6407756
860311
6708031
878545
862462
862455
883393
860316
2100823
878545
862462
884407
843194
1403172
838740
834226
860316
883393
881976
834226
862550
834226
622151
860311
621320
798828
-12694207
6999721
7854224
-11927483
6753582
7093567
8091039
-12626711
-11912373
1772641
5629931
10739090
9199565
9203231
18748685
-12514084
8325407
7968322
7971051
-15611474
17976040
-11805557
-11025556
368857
263103
318040
379482
-3606755
1619288
1011735
1619288
2860225
-11736067
-10955149
11319583
11193304
12497623
1791385
12321986
-558
-3203
45000953
47348844
15213842
47622496
15336633
-3202
-577
-3297
45074202
47343307
47496101
47622496
47622496
-3140
8040958
-13644273
-9364275
-13686900
8029813
15385285
-20989290
-19634922
-21064602
14671831
-408940
-2465331
-2883790
-2497632
-504615
8040958
-13644328
-9364357
-13686954
8029813
12857407
13936326
7996955
13990900
15010971
49883436
4240447
7903136
4112661
47936818
1741468
15331762
14054928
15316291
2243525
-18922169
-19496910
-18495377
-19563743
-19512577
-20412824
-19514647
-18514508
-19578197
-21006838
-2442729
-2821812
-3396593
-2860158
-2476293
-2841428
-2808356
-3384647
-2849202
-2872484
-13651946
-9292956
-1428942
-9343147
-13654634
1508379
-9280372
-1428243
-9335489
1507094
-18919952
-19494496
-18491668
-19561338
-19510204
-20412385
-19512236
-18510805
-19575795
-21006242
-2439837
-2819347
-3394454
-2857690
-2473322
-2839050
-2805891
-3382508
-2846734
-2870028
-13651998
-9293035
-1428961
-9343228
-13654687
1508837
-9280458
-1428264
-9335575
1507551
15382049
-20989932
-19637324
-21065228
14668426
-404252
-2468301
-2886261
-2500608
-500005
7999999
7999999
7999999
-922399
7999999
7999999
7999999
-6973049
7999999
7999999
7999999
-922051
7999999
7999999
7999999
-10582999
7999999
7999999
7999999
2875015
7999999
7999999
7999999
-1245804
7999999
7999999
7999999
-11101704
7999999
7999999
7999999
5106677
7999999
7999999
7999999
-9654005
7999999
7999999
7999999
26193357
7999999
7999999
7999999
-9663503
7999999
7999999
7999999
-2149446
7999999
7999999
7999999
-2143519
7999999
7999999
7999999
-922389
7999999
7999999
7999999
-6973012
7999999
7999999
7999999
-922041
7999999
7999999
7999999
-9652168
7999999
7999999
7999999
-9661668
7999999
7999999
7999999
-2148378
7999999
7999999
7999999
-2142451
7999999
7999999
7999999
26228395
7999999
7999999
7999999
7999999
7999999
7999999
7999999
7999999
7999999
7999999
7999999
7999999
7999999
7999999
-2542874
-2542874
-368484
-368484
-2542897
-2542897
-368135
-368135
7999999
7999999
7999999
7999999
7999999
7999999
7999999
7999999
7999999
7999999
7999999
7999999
7999999
7999999
7999999
7999999
7999999
7999999
7999999
7999999
7999999
7999999
7999999
7999999
7999999
7999999
7999999
7999999
7999999
7999999
0
-268451
0
13580708
1499772
1206672
1206672
-16518643
1500227
1207364
1207364
-16518643
0
-400013
-18477535
-18481240
-3381243
45005739
-3383380
-3393179
-3395316
-1428376
9484771
-1427680
12842898
-1427659
12845319
-18496655
-18500355
44934662
-1428357
9484481
-2881236
-19618003
-2883706
-19620401
-9363672
-9363589
8873667
-13666891
-21117869
-368135
-368484
-2542874
-2491250
-2488267
47622496
-21118488
7948163
15336633
14044140
-268451
14543939
-2542897
-13666839
14540509
-542811
-538212
-5239520
-5243257
-2055067
2285050
13580708
35
661
5269218
4017595
25374
4000000
0
448
7877731
4022542
3250430
3991442
8007173
8067895
4020241
3406110
3989901
8032160
3335001
4035535
3023801
3998886
3481573
11963269
-1523966
-2197779
-1557806
11962752
2747939
-1508839
-2187624
-1545201
2750068
-1508879
-1483409
-2124616
-1526097
-1550158
2732441
7547304
6398438
7526192
3171222
1140837
7562988
6418220
7539038
1633326
1140837
7562988
6418220
7539038
1633326
1948326
1294440
503791
1257441
2055168
1948326
1294440
503791
1257441
2055168
3144732
1273557
475376
1240821
3246601
14905124
1286560
493188
1250537
15009912
1830560
1619378
668915
1587915
1962015
2303232
1626190
712217
1592922
2418567
8420315
1635490
766677
1599446
8516396
7997149
1967927
1234481
1944070
8023991
7974896
2412591
1573638
2393558
8021151
6225731
7546865
6399920
7525674
6664542
1567455
471390
-314709
437252
1620480
355974
491396
-304968
453628
416642
7818045
8501960
7539109
8485629
8000407
2101666
2026669
2598450
2070483
2101698
6126257
6429783
5283328
6398504
6353345
2513033
904821
145331
868723
2598390
3139813
902905
143815
867134
3224772
1863184
2805177
1708211
2774636
2308138
1987380
2812193
1708363
2781510
2439431
2416344
2829860
2064129
2789787
2496358
2629358
2823780
2063992
2783650
2703030
8475436
11778691
11937799
11733405
8087144
8175503
2636314
2089528
2589505
8048885
7528381
3411804
2507549
3387910
7963097
3381142
3479050
2739225
3440248
3414060
7966373
1616129
855767
1591644
8019672
3141816
3371697
2367225
3322613
3218692
3085063
3488314
2368614
3441729
3229579
3183069
3500874
2704752
3446536
3225597
3251340
3382230
2703996
3326378
3257199
11248502
4065006
3231967
4026762
11682401
7843808
6405577
5596112
6373752
8001519
-2092549
-1491889
2130162
7999999
7999999
7999999
2712967
7999999
7999999
7999999
-58680
7999999
7999999
7999999
-3545780
7999999
7999999
7999999
-3248060
7999999
7999999
7999999
-1095977
7999999
7999999
7999999
-1358332
7999999
7999999
7999999
2981911
7999999
7999999
7999999
3040379
7999999
7999999
7999999
3040379
7999999
7999999
7999999
92669
7999999
7999999
7999999
92669
7999999
7999999
7999999
30946
7999999
7999999
7999999
-1353285
7999999
7999999
7999999
2710144
7999999
7999999
7999999
-1264776
7999999
7999999
7999999
39823
7999999
7999999
7999999
47482
7999999
7999999
7999999
280012
7999999
7999999
7999999
146681
7999999
7999999
7999999
2982651
7999999
7999999
7999999
3176904
7999999
7999999
7999999
329289
7999999
7999999
7999999
9926202
7999999
7999999
7999999
-831562
7999999
7999999
7999999
-131176
7999999
7999999
7999999
-210615
7999999
7999999
7999999
-360079
7999999
7999999
7999999
-133830
7999999
7999999
7999999
-131930
7999999
7999999
7999999
3300261
7999999
7999999
7999999
7999999
7999999
7999999
7999999
7999999
7999999
7999999
7999999
7999999
15015236
15015236
6716887
6716887
7999999
7999999
7999999
7999999
7999999
7999999
8929228
8929228
8483770
8483770
8529556
8529556
8732275
8732275
8481107
8481107
7999999
7999999
7999999
7999999
7999999
7999999
7999999
7999999
666421
765034
11947040
-2265532
-3901650
-2123111
5278716
-305786
8481107
8732275
8529556
8483770
8929228
-2187179
142470
491380
501982
6282424
6389147
6407861
6390628
6333814
710110
501982
-2088059
143984
5593152
6407861
-2197328
473590
2598083
2429286
11947040
3407294
765034
666421
7535287
421568
1234183
1618677
2754962
2498793
6372003
-1562866
2704332
2366054
854900
2749313
11727620
3021117
-315423
1973698
8526150
15015236
2739038
1572836
6716887
1698984
3223864
3490188
2062957
3248101
35
661
5269217
4017595
25374
4000000
0
448
7877795
4022543
3250454
3991443
8007181
8067896
4020242
3406111
3989902
8032160
3335004
4035535
3023802
3998886
3481576
11963311
-1523956
-2197770
-1557796
11962794
2747942
-1508829
-2187615
-1545192
2750071
-1508870
-1483400
-2124607
-1526088
-1550148
2732370
7548309
6399466
7527197
3171214
1140758
7563993
6419246
7540043
1633320
1140758
7563993
6419246
7540043
1633320
1948492
1293152
502559
1256151
2055253
1948492
1293152
502559
1256151
2055253
3144839
1272268
474140
1239530
3246637
14907485
1285271
491953
1249246
15012202
1829236
1619377
668918
1587913
1960693
2303231
1626189
712216
1592921
2418567
8421317
1635489
766672
1599445
8517397
7997175
1966606
1233190
1942748
8023995
7974895
2412591
1573637
2393557
8021151
6225528
7547869
6400948
7526678
6664401
1566893
471384
-314716
437246
1619920
355969
491390
-304973
453623
416637
7818024
8502961
7540115
8486630
8000404
2102809
2027812
2599600
2071626
2102841
6126255
6429782
5283328
6398502
6353343
2514219
904275
144804
868176
2599545
3139849
902358
143287
866586
3224778
1863104
2805181
1708217
2774641
2308128
1987303
2812197
1708368
2781515
2439425
2416442
2829867
2064199
2789793
2496375
2629509
2823787
2064062
2783656
2703101
8475434
11778728
11937841
11733442
8087144
8175500
2637463
2090672
2590655
8048884
7528398
3411806
2507553
3387911
7963099
3381144
3479051
2739228
3440250
3414061
7966385
1615570
855219
1591084
8019673
3141804
3371697
2367225
3322613
3218690
3085062
3488314
2368614
3441729
3229599
3183100
3500875
2704811
3446537
3225603
3251379
3382231
2704056
3326378
3257226
11248537
4065006
3231968
4026762
11682439
7843839
6405577
5596126
6373751
8001523
-2092538
-1491877
2131304
7999999
7999999
7999999
2712971
7999999
7999999
7999999
-58678
7999999
7999999
7999999
-3545775
7999999
7999999
7999999
-3248052
7999999
7999999
7999999
-1095972
7999999
7999999
7999999
-1358327
7999999
7999999
7999999
2982424
7999999
7999999
7999999
3040890
7999999
7999999
7999999
3040890
7999999
7999999
7999999
92054
7999999
7999999
7999999
92054
7999999
7999999
7999999
30330
7999999
7999999
7999999
-1353281
7999999
7999999
7999999
2710148
7999999
7999999
7999999
-1264772
7999999
7999999
7999999
39207
7999999
7999999
7999999
46838
7999999
7999999
7999999
280013
7999999
7999999
7999999
146680
7999999
7999999
7999999
2983164
7999999
7999999
7999999
3177406
7999999
7999999
7999999
329286
7999999
7999999
7999999
9927276
7999999
7999999
7999999
-831563
7999999
7999999
7999999
-131438
7999999
7999999
7999999
-210619
7999999
7999999
7999999
-360082
7999999
7999999
7999999
-134104
7999999
7999999
7999999
-132193
7999999
7999999
7999999
3300838
7999999
7999999
7999999
7999999
7999999
7999999
7999999
7999999
7999999
7999999
7999999
7999999
15017515
15017515
6716755
6716755
7999999
7999999
7999999
7999999
7999999
7999999
8929339
8929339
8483736
8483736
8529553
8529553
8732297
8732297
8481094
8481094
7999999
7999999
7999999
7999999
7999999
7999999
7999999
7999999
666425
765029
11947082
-2265528
-3901644
-2123102
5278716
-305791
8481094
8732297
8529553
8483736
8929339
-2187170
141943
490146
500751
6282423
6390174
6408886
6391654
6333796
710109
500751
-2088048
143458
5593167
6408886
-2197319
472356
2599234
2429285
11947082
3407296
765029
666425
7536292
421562
1232892
1618117
2754967
2498797
6372002
-1562856
2704392
2366054
854352
2749318
11727657
3021118
-315430
1972376
8527151
15017515
2739041
1572835
6716755
1698988
3223865
3490192
2063029
3248125
1206672
1207364
-16518643
3293376
3414052
-16
218
4935921
3992917
8390
4000000
0
-191
-17
-41
18645275
19726872
1426281
19743470
1427888
-92
0
0
18644083
18891364
1879598
18894713
1879634
-77
-117918
-141405
-2697
-188192
-208797
3287992
1604123
-233
1602665
3281015
1636088
1652436
-227
1643882
1636097
447991
485861
-1101
460769
435189
3321877
444980
-1243
424342
3298142
17032145
17970260
7990144
18138474
18854124
8028574
18139055
19676454
8018425
3149953
4010239
4608059
-227
1653863
1635732
4052102
4936592
7982924
-1085
491897
434058
-1038807
-366626
-2749284
-1048408
-340875
-426101
315623
1170247
17153655
315623
1170247
17153655
314364
1168918
17018579
314364
1168918
17018579
298180
1160798
1792558
299742
1151751
18133026
298729
1150687
18011857
-234824
1066069
17750637
1108256
1763432
8029539
161655
1374237
1685465
531271
1421944
1332886
-2155423
-2811881
-2758039
153823
930381
-1712081
125565
893205
9786779
18017747
18859515
8016455
-2770271
-2157124
8035816
897843
1681261
8016309
10052819
9821455
8091835
-1139319
-417050
4059469
-1139749
-421126
10076608
17167674
18128002
9760334
-131
-279
16933903
17640805
-9551736
-140
-299
16933648
17641962
-249947
-23
-56
16234067
17715433
18639723
-24
-59
16234023
17715091
-2918724
-137
-304
16696149
17625031
17724869
-137
-304
16696149
17625031
17724869
7999999
7999999
7999999
-143141
7999999
7999999
7999999
612794
7999999
7999999
7999999
-1240621
7999999
7999999
7999999
1627714
7999999
7999999
7999999
16260683
7999999
7999999
7999999
16193726
7999999
7999999
7999999
-1781525
7999999
7999999
7999999
15732735
7999999
7999999
7999999
14388157
7999999
7999999
7999999
13705822
7999999
7999999
7999999
13632585
7999999
7999999
7999999
14168072
7999999
7999999
7999999
15363682
7999999
7999999
7999999
-570752
7999999
7999999
7999999
-50920
7999999
7999999
7999999
-50920
7999999
7999999
7999999
-51547
7999999
7999999
7999999
-51547
7999999
7999999
7999999
12408009
7999999
7999999
7999999
-21885
7999999
7999999
7999999
-59617
7999999
7999999
7999999
-728615
7999999
7999999
7999999
-58828
7999999
7999999
7999999
-59333
7999999
7999999
7999999
-1628411
7999999
7999999
7999999
-129082
7999999
7999999
7999999
25050
7999999
7999999
7999999
56503
7999999
7999999
7999999
-731756
7999999
7999999
7999999
-731967
7999999
7999999
7999999
-119622
7999999
7999999
7999999
12288748
7999999
7999999
7999999
7999999
7999999
7999999
7999999
7999999
7999999
7999999
7999999
7999999
7999999
7999999
-9530318
-9530318
7999999
7999999
-9530318
-9530318
9779729
9779729
7551840
7551840
7662069
7662069
7590372
7590372
7999999
7999999
7999999
7999999
7999999
7999999
0
-288830
0
17826490
0
33844240
0
-348053
-227022
-2914134
-227022
-2914134
-227022
1427888
-227022
1879634
1427888
6092525
1427888
6092525
-1711723
-2155929
-1711723
164065
6092525
6092525
1879634
1427888
0
10062885
0
-964448
15899893
14964611
13962122
13587884
13815577
14670550
-1048267
529394
-1139794
298158
297146
7662069
9719609
-237349
429893
1634393
16676602
-1036969
296597
312762
312762
314018
314018
7590372
152446
124224
-1139365
7551840
896702
10062885
16917606
16231023
4046459
18017261
1799252
3146960
17027225
1879634
6092525
33844240
17162539
18138634
4937302
1345497
-2914134
156212
17748217
-348053
-2155929
1717306
164065
-1711723
-428946
-288830
9779729
-227022
18644051
1427888
-9530318
17826490
4609707
1108992
-105
-515
12194574
12643950
-4434170
12708360
-4414405
-589
90
794
12169575
10173224
4701067
10124332
4670607
675
-28
-79
9615080
9247420
13372472
9268543
13375516
-215
-28
-80
9611740
9247320
10465543
9268543
10468625
-191
32
591
5263052
4015943
22681
4000000
0
372
32
591
5263052
4015943
22681
4000000
0
372
0
0
15188658
20467963
20470091
20470091
20470091
0
13566334
-1236066
-1824540
-1277220
13413182
14589315
14567648
14337803
14502566
14497686
20657827
-1231018
-1816958
-1273593
20506272
483584
1342469
444201
1320712
678983
2043254
1348169
459823
1325570
2231031
-714019
1339443
427669
1318247
-506955
10527780
-147304
-819476
-184351
10490114
15246786
-145719
-816047
-183348
15209723
11844518
143044
-538966
103915
11842479
9359489
138923
-543744
100759
9356298
12725779
133532
-547226
96231
12721328
10144145
129494
-551919
93148
10138566
14541958
14561578
14150147
14500321
14489791
13182807
150562
-531546
109876
13182757
12340287
161957
-521355
119110
12343171
14964401
166617
-515909
122683
14968594
15919845
154988
-526360
113260
15921038
1938748
143395
-543119
104879
1936408
10613845
160195
-523731
117810
10616206
18740112
148034
-531638
107498
18739602
13868789
140140
-540777
101460
13866075
-2471891
141167
-547569
103451
-2475022
7882418
2209616
1310089
2196505
8016935
12456326
14400332
13543692
14355848
12476721
18183034
-121463
-731805
-165307
18065403
21262776
-1208940
-1718946
-1257468
21006766
8260057
-2430376
77818
-2489229
8059995
14379254
2500792
1926026
2450826
14359582
14137570
2706873
1926970
2661667
14162296
7963981
676592
-189726
657087
8019434
7993620
-504761
-1290000
-526063
8023384
-4179707
-4185375
-4418423
-4228699
-4247603
-4322702
-4199632
-4431097
-4240264
-4393224
4489989
3368985
1935040
3343777
4650946
12454333
14217367
13543280
14169466
12455980
3143976
3380096
1941932
3352783
3306800
-13863892
-10893009
-1517705
-10954999
-13866108
1508387
-10880476
-1517011
-10947688
1507512
1025508
-28137
-1516104
-51007
1181457
11406788
8138
-657779
-32379
11392166
14335744
-39342
-1517625
-60377
14489999
12466891
14214951
13448056
14168617
12478467
14536473
-9730
-672724
-46907
14517370
-39311
19796
-652941
-22008
-51388
4008
-35535
-1761048
-54834
186610
7236759
-4377997
-4268293
-4416603
7105053
-2885982
4645686
3332672
4633635
-2760160
8040887
-13876354
-10985373
-13905968
8029787
19402907
2715119
1196929
2675438
19446602
11342524
2528726
1196695
2479508
11379131
8045955
13389460
12707627
13360497
8029548
7984232
12575060
11833121
12549064
8021756
12419238
14397779
13448480
14354916
12450129
8038469
10033991
9344575
10005750
8028783
20963633
2670413
2749901
2662716
20965280
18043811
2454056
2749887
2446418
18044770
7978275
2631095
883486
2621737
8016858
7988791
2423134
883279
2410030
8018605
8350033
10500569
10117717
10463017
8069949
7653821
20462891
19453989
20443861
7977756
8357162
9875621
9262066
9831738
8066228
8043880
10437192
13175616
10524117
8030969
8049767
13855973
13174595
13829802
8030851
7968440
11373300
10612752
11350345
8020323
1426700
4025991
3083286
3998553
1646762
3818512
4026317
3122459
3998096
4001393
7839371
4012522
3131983
3986644
8001474
13471265
13204612
12340749
13175714
13547917
8026455
15205082
14500885
15175647
8026778
7967147
13159348
12340361
13139845
8020172
7911347
15891957
14968371
15875296
8012811
13322939
15936504
14968708
15910507
13445581
6847075
18649411
15937943
18667294
7868396
9175608
13933487
15891983
13863349
8184220
7835780
6398161
5518666
6369061
8000041
5933471
6426048
5279733
6395741
6326081
8017213
19446658
18731135
19421499
8026469
8073976
14510818
13853994
14482401
8033625
9464995
9874308
8817179
9841852
9783150
7999999
7999999
7999999
666540
7999999
7999999
7999999
-2401635
7999999
7999999
7999999
2003276
7999999
7999999
7999999
-2256554
7999999
7999999
7999999
-2019378
7999999
7999999
7999999
-2356721
7999999
7999999
7999999
13128507
7999999
7999999
7999999
11123060
7999999
7999999
7999999
11386740
7999999
7999999
7999999
-322095
7999999
7999999
7999999
-324476
7999999
7999999
7999999
-326211
7999999
7999999
7999999
-328550
7999999
7999999
7999999
-962581
7999999
7999999
7999999
-461602
7999999
7999999
7999999
-318396
7999999
7999999
7999999
-313318
7999999
7999999
7999999
-310603
7999999
7999999
7999999
16928274
7999999
7999999
7999999
13269728
7999999
7999999
7999999
11535272
7999999
7999999
7999999
-315811
7999999
7999999
7999999
-324166
7999999
7999999
7999999
-2952222
7999999
7999999
7999999
-2872343
7999999
7999999
7999999
-2179640
7999999
7999999
7999999
-866491
7999999
7999999
7999999
-2254771
7999999
7999999
7999999
-381331
7999999
7999999
7999999
-314503
7999999
7999999
7999999
-318442
7999999
7999999
7999999
-322997
7999999
7999999
7999999
-2953075
7999999
7999999
7999999
-2872918
7999999
7999999
7999999
-2179971
7999999
7999999
7999999
-866599
7999999
7999999
7999999
-2256024
7999999
7999999
7999999
-388779
7999999
7999999
7999999
-378923
7999999
7999999
7999999
-958801
7999999
7999999
7999999
7565674
7999999
7999999
7999999
-459893
7999999
7999999
7999999
-2428975
7999999
7999999
7999999
-3351611
7999999
7999999
7999999
-3669259
7999999
7999999
7999999
-3381584
7999999
7999999
7999999
-2484017
7999999
7999999
7999999
-967756
7999999
7999999
7999999
-326385
7999999
7999999
7999999
-416888
7999999
7999999
7999999
-2381198
7999999
7999999
7999999
11600
7999999
7999999
7999999
19510
7999999
7999999
7999999
-908661
7999999
7999999
7999999
-2916522
7999999
7999999
7999999
3186
7999999
7999999
7999999
16177086
7999999
7999999
7999999
-961517
7999999
7999999
7999999
-2660381
7999999
7999999
7999999
-2666671
7999999
7999999
7999999
498187
7999999
7999999
7999999
501603
7999999
7999999
7999999
-966613
7999999
7999999
7999999
-10990224
7999999
7999999
7999999
-8961997
7999999
7999999
7999999
-3711209
7999999
7999999
7999999
-966267
7999999
7999999
7999999
13567891
7999999
7999999
7999999
-2341253
7999999
7999999
7999999
-2467366
7999999
7999999
7999999
10899943
7999999
7999999
7999999
9462696
7999999
7999999
7999999
13602790
7999999
7999999
7999999
12693950
7999999
7999999
7999999
15022928
7999999
7999999
7999999
2162522
7999999
7999999
7999999
10266022
7999999
7999999
7999999
7999999
7999999
7999999
7999999
7999999
7999999
7999999
7999999
7999999
7999999
7999999
15001168
15001168
17227124
17227124
-1415587
-1415587
745503
745503
7999999
7999999
7999999
7999999
7999999
7999999
7999999
7999999
7999999
7999999
7999999
7999999
7999999
7999999
7999999
7999999
7999999
7999999
7999999
7999999
7999999
7999999
7999999
7999999
7999999
7999999
7999999
7999999
7999999
7999999
7999999
7999999
8643338
8643338
8026127
8026127
8096586
8096586
7999999
7999999
7982196
7982196
8805567
8805567
7999999
7999999
7999999
7999999
7999999
7999999
7999999
7999999
7999999
7999999
7999999
7999999
7999999
7999999
7999999
7999999
7999999
7999999
0
-484760
0
16101050
0
-268540
0
13203927
0
26687407
0
-1403642
12571201
12708360
205308
2749913
205308
882758
12571201
12708360
10023999
12708360
10023999
10124332
0
0
422638
439505
-1312172
-732688
-2866739
11809882
10942353
14834468
12132105
-3013673
-2628293
-1626988
-3014380
-2628742
-1627205
-2990985
-3610831
-3626225
-3034714
-1829616
-10531630
-6916757
-2788614
-2789621
-652087
5271556
12768868
1938650
-4416292
-546980
-2485244
-1813166
-1820729
-814774
-818195
-671820
-1520826
-656912
-1519306
5515455
14464589
8810666
-540205
-531089
-523202
-542541
-525824
-515400
-520832
-530997
-551319
-546637
-543164
-538399
-1516314
-1517008
-10984820
1931764
-4428955
3329994
-2766191
-4264841
7062295
9028538
-1712823
8805567
7982196
8096586
8026127
8643338
455362
-728711
3128764
-1764901
18731254
1658225
10611902
20470091
6369801
3118827
14501259
745503
-1415587
13085719
4670607
-4414405
2242969
9609368
9612726
3078836
-2964075
-268540
14966320
13375516
12571201
-13878134
422638
439505
9814030
-190728
12465018
882758
1196333
13543624
12183292
2749913
10023999
15915021
1926807
1371400
26687407
-1403642
-495210
11381936
10468625
1306721
8332193
10596617
205308
13855241
13203927
19447195
12439766
15001168
17227124
-484760
16101050
14340206
14151713
4006753
13448184
13175339
12339424
12464259
15188658
9268543
83049
-57977
18037938
-1290405
20959741
10124332
12708360
690192
0
0
-36150603
3995909
0
4000000
0
-334
-67
-267
268254
187821
-3369978
229745
-3364846
-286
-71
-298
11626107
11642154
256004
11686565
261725
-641
-77
-325
11622132
11639224
11680323
11686565
11686565
-310
-3364480
238609
235404
-3364449
141976
11707686
-4027095
-3399108
-2146284
-291974
-3373675
8032716
-31209548
-30699999
-30738625
-5434943
-5744559
7227211
-5279641
-5575909
24284213
-5425530
-5736079
15167554
-5369234
-5671794
-5743554
-1011057
-232896
-4023010
-1024829
-250984
-3358619
7999999
7999999
7999999
-2834651
7999999
7999999
7999999
-2907342
7999999
7999999
7999999
-2879306
7999999
7999999
7999999
-707255
7999999
7999999
7999999
-714115
7999999
7999999
7999999
-37056433
7999999
7999999
7999999
-36747992
7999999
7999999
7999999
-33245481
7999999
7999999
7999999
-25945262
7999999
7999999
7999999
-13904534
7999999
7999999
7999999
-29888493
7999999
7999999
7999999
-25375614
7999999
7999999
7999999
-17859093
7999999
7999999
7999999
-6859943
7999999
7999999
7999999
9794965
7999999
7999999
7999999
-2912035
7999999
7999999
7999999
-2912035
7999999
7999999
7999999
9792742
7999999
7999999
7999999
7999999
7999999
7999999
7999999
7999999
7999999
7999999
7999999
7999999
-37307998
-35463697
-30165918
-20649262
-28070062
-22118440
-12947239
11614433
-31207227
10034884
10693825
-5364837
11619068
-1011082
-1024840
-5421076
15124899
-5430480
-5275335
229745
261725
-36150603
-4026026
-3364846
-2176172
-5776982
0
0
-36139246
3995913
0
4000000
0
-334
-67
-266
326078
244061
-3350132
285910
-3345016
-285
-71
-297
11619930
11634694
313855
11679057
319565
-640
-77
-324
11616046
11631778
11672829
11679057
11679057
-309
-3344640
294110
291571
-3344610
197624
11700135
-4017830
-3379408
-2188914
-217358
-3349343
8034230
-31209335
-30699800
-30738426
-5434534
-5744241
7227184
-5279237
-5575593
24284210
-5425123
-5735763
15167537
-5368823
-5671475
-5743238
-951990
-159228
-4014146
-965502
-177048
-3339111
7999999
7999999
7999999
-2834450
7999999
7999999
7999999
-2907139
7999999
7999999
7999999
-2879101
7999999
7999999
7999999
-677817
7999999
7999999
7999999
-684548
7999999
7999999
7999999
-37047032
7999999
7999999
7999999
-36741682
7999999
7999999
7999999
-33241428
7999999
7999999
7999999
-25942920
7999999
7999999
7999999
-13903580
7999999
7999999
7999999
-29888354
7999999
7999999
7999999
-25375568
7999999
7999999
7999999
-17859086
7999999
7999999
7999999
-6859944
7999999
7999999
7999999
9791901
7999999
7999999
7999999
-2911831
7999999
7999999
7999999
-2911831
7999999
7999999
7999999
9789725
7999999
7999999
7999999
7999999
7999999
7999999
7999999
7999999
7999999
7999999
7999999
7999999
-37300279
-35458607
-30162778
-20647644
-28069981
-22118421
-12947239
11608361
-31207014
10034790
10693816
-5364427
11612901
-952075
-965573
-5420669
15124885
-5430071
-5274932
285910
319565
-36139246
-4016866
-3345016
-2218402
-5776662
0
0
-36199171
3995897
0
4000000
0
-334
-67
-266
326070
244053
-3350143
285902
-3345027
-285
-71
-297
11619930
11634693
313847
11679056
319557
-640
-77
-324
11616046
11631778
11672828
11679056
11679056
-309
-5617355
-5966782
7243708
-5461041
-5797594
24285415
-5551512
-5894433
-5965976
-951994
-159233
-4014158
-965507
-177054
-3339122
-3344652
294102
291563
-3344621
197616
11700134
-4017842
-3379421
-2190034
-217364
-3349354
8034230
7999999
7999999
7999999
-2970145
7999999
7999999
7999999
-677819
7999999
7999999
7999999
-684550
7999999
7999999
7999999
-37112534
7999999
7999999
7999999
-36823669
7999999
7999999
7999999
-33348490
7999999
7999999
7999999
-26085878
7999999
7999999
7999999
-14096426
7999999
7999999
7999999
9791901
7999999
7999999
7999999
-3002941
7999999
7999999
7999999
-3002941
7999999
7999999
7999999
-2925052
7999999
7999999
7999999
9789725
7999999
7999999
7999999
7999999
-37372974
-35551834
-30286129
-20813384
11608361
-5546930
-965578
285902
11612900
319557
-5612706
-5456551
-952080
-4016878
-36199171
-3345027
-6000777
-2219523
0
0
-36199171
3995897
0
4000000
0
-334
-67
-266
326070
244053
-3350143
285902
-3345027
-285
-71
-297
11619930
11634693
313847
11679056
319557
-640
-77
-324
11616046
11631778
11672828
11679056
11679056
-309
-5617354
-5966781
7243747
-5461040
-5797594
24285415
-5551511
-5894432
-5965976
-951994
-159233
-4014158
-965507
-177054
-3339122
-3344652
294102
291563
-3344621
197616
11700134
-4017842
-3379421
-2190034
-217364
-3349354
8034230
7999999
7999999
7999999
-2970145
7999999
7999999
7999999
-677819
7999999
7999999
7999999
-684550
7999999
7999999
7999999
-37112534
7999999
7999999
7999999
-36823668
7999999
7999999
7999999
-33348490
7999999
7999999
7999999
-26085878
7999999
7999999
7999999
-14096425
7999999
7999999
7999999
9791901
7999999
7999999
7999999
-3002940
7999999
7999999
7999999
-3002940
7999999
7999999
7999999
-2925052
7999999
7999999
7999999
9789725
7999999
7999999
7999999
7999999
-37372974
-35551834
-30286129
-20813383
11608361
-5546929
-965578
285902
11612900
319557
-5612706
-5456550
-952080
-4016878
-36199171
-3345027
-6000776
-2219523
7399776
-164262
-745986
-199664
7386531
10247944
-189375
-765417
-219721
10230118
4009637
7324896
2447062
7342280
4015163
7371533
7358337
2447059
7367421
7381385
4021318
2403459
7374598
2419822
4016757
-235013
-235013
-235013
-372734
-235013
-235013
-235013
-382352
-235013
-764630
-745219
7399776
-164262
-745986
-199664
7386531
10247944
-189375
-765417
-219721
10230118
4009637
7324896
2447062
7342280
4015163
7371533
7358337
2447059
7367421
7381385
4021318
2403459
7374598
2419822
4016757
-235013
-235013
-235013
-372734
-235013
-235013
-235013
-382352
-235013
-764630
-745219
7399768
-164256
-745981
-199658
7386522
10247944
-189370
-765413
-219715
10230118
4009637
7324888
2447062
7342272
4015163
7371525
7358329
2447059
7367413
7381376
4021318
2403458
7374590
2419822
4016757
-235011
-235011
-235011
-372732
-235011
-235011
-235011
-382350
-235011
-764625
-745214
6961995
122147
-516927
87840
6958435
10236542
97859
-535191
68435
10228580
4010214
6905958
2446996
6919138
4015196
6945628
6938425
2446994
6943654
6954844
4021317
2398816
6947820
2418301
4016757
-118191
-118191
-118191
-258304
-118191
-118191
-118191
-267343
-118191
-534638
-516393
737654
940331
2223
905248
859676
1592369
1770036
877285
1734130
1693746
2380667
2515797
1704609
2478413
2444916
7944049
4011622
3162467
3986087
8015354
7999999
7999999
7999999
1643544
7999999
7999999
7999999
7999999
7999999
7999999
7999999
7999999
7999999
7999999
7999999
7999999
7999999
7999999
7999999
7999999
7999999
7999999
7999999
7999999
875533
1703704
3161206
8923393
8931178
8931178
8931178
8078495
-5250544
-4601518
1699871
-5221565
-4567476
-5138859
-9329052
-8751177
-8818335
-9693542
-8871813
8004191
-36808709
-30769136
5402022
-4633967
-5181052
8033297
-36808710
-30768949
5402028
5390038
3933889
18986371
5389988
3439932
8024239
7999999
7999999
7999999
-3381910
7999999
7999999
7999999
-3367615
7999999
7999999
7999999
-5631040
7999999
7999999
7999999
-5631040
7999999
7999999
7999999
-5813867
7999999
7999999
7999999
-5813867
7999999
7999999
7999999
-36903113
7999999
7999999
7999999
-35470191
7999999
7999999
7999999
-31612847
7999999
7999999
7999999
-25115717
7999999
7999999
7999999
-15616783
7999999
7999999
7999999
3745953
7999999
7999999
7999999
3552209
7999999
7999999
7999999
7999999
7999999
7999999
7999999
7999999
7999999
7999999
7999999
7999999
7999999
7999999
7999999
7999999
7999999
7999999
7999999
7999999
7999999
7999999
7999999
7999999
7999999
7999999
7999999
7999999
7999999
7999999
7999999
7999999
7999999
7999999
7999999
7999999
-36550593
-33928054
-28794888
-20864848
-9325810
-9696318
3419099
5237283
5237283
5237746
5237747
5230499
-5220108
-5249067
-4632419
13185394
15964418
-8848408
-5158198
3808011
5390536
-36809257
4303197
18976088
1675350
0
0
-25024550
3993021
0
4000000
0
-334
-67
-264
270901
184966
-3503160
226637
-3498081
-282
-70
-296
11604470
11615981
258743
11660214
264426
-636
0
0
4917308
26310234
26311039
26311039
26311039
0
-77
-323
11600799
11613092
11654019
11660214
11660214
-307
2705575
3304256
8024133
4493077
4020836
4254119
4232478
4001606
8065263
3939598
4037359
3354886
4916740
4026453
3340235
-4911802
-4679778
7027744
-4742794
-4503959
24280459
-4849937
-4607059
-4674284
-724457
124683
-4194224
-731142
111216
1979156
-733313
108641
1675775
-772168
55439
5331411
-755364
79276
2716159
-736767
108154
-3493491
-3497682
233123
232306
-3497650
136998
11681180
-4196266
-3518406
3343212
70434
-3490423
8038918
1671436
2718089
26314868
1671036
2462816
7477462
1974743
2670344
4252414
1974790
2695739
4500624
4492525
5001363
3957900
2705748
3473764
11790299
7999999
7999999
7999999
-568826
7999999
7999999
7999999
-588175
7999999
7999999
7999999
-579808
7999999
7999999
7999999
-570550
7999999
7999999
7999999
-26705276
7999999
7999999
7999999
-28182819
7999999
7999999
7999999
-26697090
7999999
7999999
7999999
-21548002
7999999
7999999
7999999
-11719081
7999999
7999999
7999999
3565476
7999999
7999999
7999999
3498991
7999999
7999999
7999999
9784235
7999999
7999999
7999999
-2650317
7999999
7999999
7999999
-2650317
7999999
7999999
7999999
-2566104
7999999
7999999
7999999
-2619505
7999999
7999999
7999999
-564418
7999999
7999999
7999999
-567744
7999999
7999999
7999999
-567744
7999999
7999999
7999999
9782167
7999999
7999999
7999999
7999999
7999999
7999999
7999999
7999999
7999999
7999999
7999999
7999999
7999999
7999999
7999999
7999999
7999999
7999999
7999999
7999999
0
3342061
0
3627295
3342061
1671190
3627295
7283534
-27810990
-27882662
-24680457
-17353626
11593147
3627295
3342061
5849634
-4846059
6611123
7820616
-737071
-731451
226637
11597468
264426
-772435
3312274
-733620
-724773
-755648
-4907861
-4739025
7283534
5316254
-4195732
-3498081
3445734
2705989
11773225
-25024550
7463182
4493591
-4704288
26311039
1671190
3942314
4242323
1975032
4917308
3318982
-290408
-215366
2446716
-215366
-215360
6947765
-30768646
7374569
7374569
-30768446
10210219
7374560
24267417
73746
-561
-3218
45893146
48242068
15031759
48516699
15155121
-3208
-580
-3311
45967382
48236582
48389755
48516699
48516699
-3154
-369712
-880536
-1515910
-920723
-415683
8210679
-424568
-950120
-455267
8052418
12673399
13993287
8015666
14048443
14829162
50797646
4242785
7921387
4114172
48833418
1743894
15155315
13935790
15137911
2194771
7687206
15152300
14108645
15132594
7981551
7999999
7999999
7999999
-7528917
7999999
7999999
7999999
-9658785
7999999
7999999
7999999
-9763321
7999999
7999999
7999999
-7684970
7999999
7999999
7999999
-3201061
7999999
7999999
7999999
-721448
7999999
7999999
7999999
-873570
7999999
7999999
7999999
102768
7999999
7999999
7999999
9428914
7999999
7999999
7999999
1913463
7999999
7999999
7999999
-3661386
7999999
7999999
7999999
10656631
7999999
7999999
7999999
5069841
7999999
7999999
7999999
1247125
7999999
7999999
7999999
-804766
7999999
7999999
7999999
-1020876
7999999
7999999
7999999
26822267
7999999
7999999
7999999
26858137
7999999
7999999
7999999
7999999
7999999
7999999
7999999
7999999
7999999
7999999
0
3563075
0
-8860880
-9995075
-9033960
-5787547
5401715
-1132835
7617423
2915994
-26397
-1173202
45898611
45826538
-1514349
-431858
13926149
48516699
7966812
15155121
0
0
-684586
4007042
0
4000000
0
-262
-75
-307
12271879
12233686
7044314
12279546
7056085
-525
-208
-897
12053320
12179615
12245123
12279546
12279546
-855
-75
-306
12273166
12233739
8765275
12279546
8777024
-536
14746148
2242351
5425552
2277021
14742523
8067993
9348208
8689033
9321122
8033211
8131317
7076730
6485423
7044759
8040822
7614916
8771716
7658961
8753405
7971857
8054378
11831501
11156656
11805650
8031591
6556531
-892926
-1524041
-931235
6507921
5266507
-909528
-2188601
-935890
5412419
2369871
-878768
-1512145
-919531
2323822
8748642
-874061
-1505280
-916194
8704352
12261449
-945479
-1712793
-969953
12298259
11213516
-869542
-1499871
-912725
11170306
7930508
6478634
5427019
6460347
8014199
7999999
7999999
7999999
-871686
7999999
7999999
7999999
-868269
7999999
7999999
7999999
-1692994
7999999
7999999
7999999
-839306
7999999
7999999
7999999
-865573
7999999
7999999
7999999
4621442
7999999
7999999
7999999
2807634
7999999
7999999
7999999
1908145
7999999
7999999
7999999
1949380
7999999
7999999
7999999
6658291
7999999
7999999
7999999
9035497
7999999
7999999
7999999
11157884
7999999
7999999
7999999
10011792
7999999
7999999
7999999
-877619
7999999
7999999
7999999
9035815
7999999
7999999
7999999
11158849
7999999
7999999
7999999
-2890235
7999999
7999999
7999999
-3494405
7999999
7999999
7999999
-2956760
7999999
7999999
7999999
-1260197
5000000
5000000
5000000
5000000
7999999
7999999
7999999
7999999
5000000
5000000
5000000
5000000
5000000
5000000
5000000
5000000
5000000
5000000
7056085
7056085
5960989
5960989
8777024
8777024
9902638
9902638
9902638
9902638
5000000
5000000
5000000
5000000
5000000
5000000
5000000
5000000
7999999
7999999
7999999
7999999
7999999
7999999
7999999
7999999
5000000
5000000
5000000
5000000
5000000
5000000
5000000
5000000
5000000
5000000
0
-684586
0
-8543250
0
6569497
0
5624064
5960989
7946884
0
5499561
0
-1038602
0
-1038602
0
6291300
0
6291300
0
-330316
0
-330316
0
691296
0
-1096042
0
5370118
-1510577
11650351
0
10081198
10081836
-1444116
3577334
2217730
1783559
-3364771
-3399480
-2286115
5842909
12031970
691296
6569497
-1522466
-7638357
7651375
5603508
-2191526
-1498337
12265786
-1503737
12264487
5201381
-1713310
11650351
12279546
7946884
5370118
6487815
11157479
8690136
5499561
-8543250
5960989
8777024
5425368
9902638
5624064
6291300
2308078
7056085
-1510577
-330316
14727999
-1038602
-684586
-1096042
34
309
25033489
23217027
11845
23196091
0
181
-43
89
25040007
24297711
2575032
24319785
2571595
70
-43
89
25040007
24297711
2575032
24319785
2571595
70
0
0
4789445
14106487
0
14102451
0
-201
-2
348
24857670
23842983
4930415
23844655
4917064
314
-2
348
24857670
23842983
4930415
23844655
4917064
314
-5
54
24861200
24048993
2071
24055359
0
-87
-5
54
24861200
24048993
2071
24055359
0
-87
34
309
25033489
23217027
11845
23196091
0
181
8466888
23226962
23187183
23189097
8087167
8216971
24469104
24051351
24439500
8053501
8241304
9356068
8871512
9324574
8056405
23088163
1654766
652939
1626013
23198635
1492066
1684398
664458
1650915
1607870
8934273
-873709
-1504862
-915924
8890067
10509864
-855353
-1486336
-901250
10469903
24375418
1536761
344667
1511230
24460300
11080042
11205048
10461780
11164985
11128887
1409782
1565630
346942
1535360
1499098
23855115
-881301
-1547124
-921670
23853476
23856316
-8743444
-5239963
-8765362
23853919
24331123
-8742654
-5239865
-8764809
24328827
24329850
-880523
-1546196
-921078
24328372
8029244
11830353
11130205
11805146
8028228
7999999
7999999
7999999
212290
7999999
7999999
7999999
-868061
7999999
7999999
7999999
-858827
7999999
7999999
7999999
-1009567
7999999
7999999
7999999
-3854048
7999999
7999999
7999999
52540
7999999
7999999
7999999
53665
7999999
7999999
7999999
23493685
7999999
7999999
7999999
-6682957
7999999
7999999
7999999
-3853999
7999999
7999999
7999999
-1009105
7999999
7999999
7999999
206558
7999999
7999999
7999999
24160589
7999999
7999999
7999999
7999999
7999999
7999999
7999999
7999999
7999999
7999999
13525618
13525618
7999999
7999999
8687728
8687728
23203532
23203532
24461686
24461686
5000000
5000000
5000000
5000000
7999999
7999999
7999999
7999999
7999999
7999999
7999999
7999999
7999999
7999999
7999999
7999999
5960690
5960690
22906774
22906774
22906774
22906774
7999999
7999999
7999999
7999999
7999999
7999999
7999999
7999999
7999999
7999999
7999999
7999999
7999999
7999999
7999999
7999999
7999999
7999999
7999999
7999999
7999999
7999999
7999999
7999999
7999999
7999999
7999999
7999999
7999999
7999999
7999999
7999999
0
775179
0
4917064
0
9398874
0
9398874
0
4789445
0
5181755
0
2571595
0
4789445
0
9877457
0
7529137
0
16089364
0
-1464539
9805289
8875959
10483229
10461275
5960690
7928568
0
691242
-8767858
-946286
0
6281405
6281405
5811452
0
0
0
345348
662334
4917064
691242
2571595
8687728
13525618
9877457
11130543
-1545630
-1484824
-1546557
650835
343077
-5239703
-5239604
-1503319
1510185
5960690
6281405
1622735
24055359
23196091
-8767858
7928568
22906774
25038758
24861536
7529137
10461275
8875959
5181755
775179
10483229
9805289
16089364
23844655
24319785
23203532
24461686
9398874
-1464539
4789445
0
14102451
5811452
2240461
-5756410
-946286
3563075
-559
-3208
45777395
48124532
15174852
48398527
15297843
-3200
-578
-3301
45851380
48119046
48271957
48398527
48398527
-3144
12824662
13951163
8011527
14005691
14973008
50670394
4242260
7917601
4113869
48714072
4971034
15300450
14013767
15282173
5176870
1653985
15297245
14068797
15280156
2113821
7999999
7999999
7999999
-11492127
7999999
7999999
7999999
-5069513
7999999
7999999
7999999
100912
7999999
7999999
7999999
6063432
7999999
7999999
7999999
-4686390
7999999
7999999
7999999
-8628317
7999999
7999999
7999999
26764750
7999999
7999999
7999999
26800497
7999999
7999999
7999999
7999999
7999999
7999999
7999999
7999999
7999999
7999999
7999999
7999999
7999999
7999999
7999999
7999999
7999999
7999999
7999999
7999999
7999999
7999999
7999999
7999999
7999999
7999999
7999999
7999999
7999999
7999999
7999999
7999999
7999999
7999999
7999999
7999999
7999999
7999999
7999999
7999999
7999999
7999999
7999999
7999999
7999999
7999999
7999999
7999999
7999999
7999999
7999999
7999999
7999999
7999999
7999999
7999999
7999999
7999999
7999999
7999999
7999999
7999999
7999999
7999999
7999999
7999999
7999999
7999999
0
9521502
0
-1594162
0
15849782
0
9534430
0
-1525811
0
17387677
0
8632627
0
-1210922
0
15856851
0
9165615
0
-1043076
0
17405036
0
-643909
0
9546769
0
-878967
0
-878967
0
-643925
0
9543052
0
-1473149
0
-1473149
0
-507142
0
9287253
0
-1547801
0
-1547801
0
10575133
0
-1213646
0
11728349
0
11728349
0
-122909
-7497977
45782815
-12786657
-55070529
45710990
10065065
8228004
14009407
-1473149
-878967
11728349
-1547801
17405036
15856851
17387677
15849782
48398527
7962850
14058956
15297843
9521502
-1594162
0
0
-52434359
7237973
0
7254159
0
-53
0
0
9990410
79234562
7254159
79269286
7254159
-44
0
0
9944763
79234540
79269286
79269286
79269286
0
-50160
29839
-1486856
4222
-18158
8024167
-13720003
-18826201
-13685633
8027344
1004675
1037474
7253931
1013708
1004661
8043374
728508
-13616725
862320
8030827
79273071
7273670
7225367
7262047
79273376
7257107
7203949
1000346
7233397
7257130
3045963
3295007
2066462
3264811
3215673
-5026755
3268809
2038125
3244445
-4861887
5302063
5659556
4470485
5629156
5564854
36070
5641564
4450070
5615136
295450
1766490
1962118
804421
1930838
1888788
7999999
7999999
7999999
564941
7999999
7999999
7999999
-63206
7999999
7999999
7999999
550860
7999999
7999999
7999999
-1205368
7999999
7999999
7999999
1763090
7999999
7999999
7999999
1752946
7999999
7999999
7999999
-15235731
7999999
7999999
7999999
8955133
7999999
7999999
7999999
8933229
7999999
7999999
7999999
7999999
7999999
7999999
7999999
7999999
7999999
7999999
7999999
7999999
-22203941
-22203941
7999999
7999999
-22203941
-22203941
5949454
5949454
3979796
3979796
3979796
3979796
-2306555
-2306555
-2306555
-2306555
2048927
2048927
3929397
3929397
3607471
3607471
7999999
7999999
3647923
3647923
3697977
3697977
3805367
3805367
7999999
7999999
7999999
7999999
7999999
7999999
7999999
7999999
8584012
8584012
8584012
8584012
7999999
7999999
7999999
7999999
0
1000000
0
-3167437
0
-2323551
0
7225471
3219126
6535215
4742802
-3797632
329006
-1198172
5949454
1686171
0
841718
0
4742802
0
3219126
3219126
2048927
3607471
-1487233
2063081
802111
4465074
9944763
8584012
8584012
3805367
3697977
3647923
3929397
-16657
1904645
-2323551
-3167437
841718
2034769
4444677
-13617852
9990410
79269286
5603407
3239456
-52434359
5949454
8662844
-1198172
7225471
3979796
8662844
4742802
-4845579
-2306555
329006
7254159
-22203941
6535215
-3797632
1686171
-18826659
-11
24
12332965
11635587
944
11646043
0
-74
-11
42
-2464211
-3207452
1626
-3197661
0
-62
-127
-608
20372919
20746418
11622707
20819423
11646043
-931
-138
-654
20397357
20742253
20794332
20819423
20819423
-623
-119
-638
20562797
21567547
-3222144
21643614
-3197661
-998
-133
-708
20584631
21561455
21616461
21643614
21643614
-674
20872223
11662253
11091803
11633468
20844802
-3054703
-3109668
-2949590
-3157671
-3172982
21686963
-3182812
-3739749
-3211209
21667777
11242611
11484018
8356896
11498950
11647662
8044781
-3235050
-17529032
-3083984
8031326
8044773
-3266606
-19885111
-3095073
8031324
11779043
11729518
11555114
11684125
11669077
7999999
7999999
7999999
4364598
7999999
7999999
7999999
-2473515
7999999
7999999
7999999
-7711339
7999999
7999999
7999999
-11437117
7999999
7999999
7999999
-13707518
7999999
7999999
7999999
-14549287
7999999
7999999
7999999
-13960245
7999999
7999999
7999999
-11909703
7999999
7999999
7999999
-8338278
7999999
7999999
7999999
-3157161
7999999
7999999
7999999
-14639281
7999999
7999999
7999999
-15734321
7999999
7999999
7999999
13901470
7999999
7999999
7999999
13913115
7999999
7999999
7999999
14003820
7999999
7999999
7999999
14014060
7999999
7999999
7999999
7999999
7999999
7999999
7999999
7999999
7999999
7999999
7999999
7999999
7999999
7999999
7999999
7999999
7999999
7999999
7999999
7999999
7999999
7999999
7999999
7999999
7999999
7999999
7999999
7999999
7999999
7999999
7999999
7999999
7999999
7999999
7999999
7999999
7999999
7999999
7999999
7999999
7999999
7999999
7999999
7999999
0
11558218
0
672250
0
-335246
0
11092782
0
-2946258
0
-3167420
0
3894180
0
-3738971
0
-70568
0
11190681
6680352
7127750
7127750
-17530090
-70568
0
5966544
7990960
7990960
-19886353
5966544
6719491
6719491
-19886353
5966544
7990955
7990955
-19886353
5966544
6719488
6719488
-19886353
0
0
0
0
0
0
0
671437
-5349191
-9819052
-12810276
-14364350
-14493441
-13181097
-10382358
-6023297
20382699
20569762
12332634
-2464310
11190681
11092782
20359382
20819423
20549447
21643614
-3738971
11646043
-3197661
-3167420
672250
-70568
3894180
-6491906
-335246
-2946258
8347586
11558218
6629947
-17530090
6719491
0
7990960
0
6719488
0
7990955
0
7127750
0
5966544
-19886353
-11
24
12332898
11635520
944
11645976
0
-74
-11
42
-2464211
-3207452
1626
-3197661
0
-62
-127
-608
20372905
20746403
11622639
20819408
11645976
-931
-138
-654
20397343
20742238
20794317
20819408
20819408
-623
-119
-638
20562797
21567547
-3222144
21643614
-3197661
-998
-133
-708
20584631
21561455
21616461
21643614
21643614
-674
20872207
11662186
11091734
11633400
20844787
-3054703
-3109668
-2949590
-3157671
-3172982
21686963
-3182812
-3739749
-3211209
21667777
11235108
11483937
8356815
11498872
11640158
8044781
-3235050
-17529032
-3083984
8031326
8044773
-3266606
-19885111
-3095073
8031324
11778975
11729450
11555044
11684058
11669010
7999999
7999999
7999999
4364523
7999999
7999999
7999999
-2473578
7999999
7999999
7999999
-7711392
7999999
7999999
7999999
-11437161
7999999
7999999
7999999
-13707554
7999999
7999999
7999999
-14549315
7999999
7999999
7999999
-13960267
7999999
7999999
7999999
-11909718
7999999
7999999
7999999
-8338287
7999999
7999999
7999999
-3157164
7999999
7999999
7999999
-14639281
7999999
7999999
7999999
-15734321
7999999
7999999
7999999
13901464
7999999
7999999
7999999
13913108
7999999
7999999
7999999
14003820
7999999
7999999
7999999
14014060
7999999
7999999
7999999
7999999
7999999
7999999
7999999
7999999
7999999
7999999
7999999
7999999
7999999
7999999
7999999
7999999
7999999
7999999
7999999
7999999
7999999
7999999
7999999
7999999
7999999
7999999
7999999
7999999
7999999
7999999
7999999
7999999
7999999
7999999
7999999
7999999
7999999
7999999
7999999
7999999
7999999
7999999
7999999
7999999
0
11558148
0
672231
0
-335231
0
11092713
0
-2946258
0
-3167420
0
3894180
0
-3738971
0
-70568
0
11190681
6680352
7127750
7127750
-17530090
-70568
0
5966543
7990960
7990960
-19886353
5966543
6719490
6719490
-19886353
5966543
7990955
7990955
-19886353
5966543
6719488
6719488
-19886353
0
0
0
0
0
0
0
671369
-5349248
-9819100
-12810316
-14364382
-14493466
-13181115
-10382369
-6023303
20382685
20569762
12332567
-2464310
11190681
11092713
20359368
20819408
20549447
21643614
-3738971
11645976
-3197661
-3167420
672231
-70568
3894180
-6491906
-335231
-2946258
8347505
11558148
6629914
-17530090
6719490
0
7990960
0
6719488
0
7990955
0
7127750
0
5966543
-19886353
-11
24
12332896
11635519
944
11645975
0
-74
-11
27
10984103
10277578
1052
10287750
0
-81
-127
-608
20372907
20746405
11622638
20819409
11645975
-931
-138
-654
20397345
20742240
20794319
20819409
20819409
-623
-136
-663
21318643
21781953
10262302
21859707
10287750
-976
-147
-712
21347182
21777654
21832395
21859707
21859707
-678
20872209
11662184
11091733
11633399
20844789
10417737
10370868
10182459
10325670
10310820
21962373
10312482
9924114
10279988
21891470
11235107
11483936
8356814
11498870
11640157
7773965
10125567
8086925
10128066
7994144
7709818
10117201
7748372
10124526
7985347
11778974
11729449
11555042
11684056
11669008
7999999
7999999
7999999
4364522
7999999
7999999
7999999
-2473580
7999999
7999999
7999999
-7711393
7999999
7999999
7999999
-11437161
7999999
7999999
7999999
-13707555
7999999
7999999
7999999
-14549315
7999999
7999999
7999999
-13960267
7999999
7999999
7999999
-11909718
7999999
7999999
7999999
-8338287
7999999
7999999
7999999
-3157164
7999999
7999999
7999999
-2419071
7999999
7999999
7999999
-2576732
7999999
7999999
7999999
13901465
7999999
7999999
7999999
13913109
7999999
7999999
7999999
14356161
7999999
7999999
7999999
14369734
7999999
7999999
7999999
7999999
7999999
7999999
7999999
7999999
7999999
7999999
7999999
7999999
7999999
7999999
7999999
7999999
7999999
7999999
7999999
7999999
7999999
7999999
7999999
7999999
7999999
7999999
7999999
7999999
7999999
7999999
7999999
7999999
7999999
7999999
7999999
7999999
7999999
7999999
7999999
7999999
7999999
7999999
7999999
7999999
0
11558146
0
672233
0
-335233
0
11092711
0
10185491
0
1696660
0
-1286263
0
9926115
0
-70568
0
11190681
6680352
7127746
7127746
8081934
-70568
1000000
5966533
7990950
7990950
7742076
5966533
6719480
6719480
7742076
5966533
7990944
7990944
7742076
5966533
6719478
6719478
7742076
0
0
0
0
0
0
0
671368
-5349249
-9819101
-12810316
-14364382
-14493466
-13181115
-10382370
-6023303
20382687
21331396
12332566
10983827
11190681
11092711
20359370
20819409
21304036
21859707
9926115
11645975
10287750
1696660
672233
-70568
-1286263
4560834
-335233
10185491
8347504
11558146
6629910
8081934
6719480
0
7990950
0
6719478
0
7990944
0
7127746
0
5966533
7742076
-11
24
12332896
11635519
944
11645975
0
-74
-11
27
10984103
10277578
1052
10287750
0
-81
-127
-608
20372907
20746405
11622638
20819409
11645975
-931
-138
-654
20397345
20742240
20794319
20819409
20819409
-623
-136
-663
21318643
21781953
10262302
21859707
10287750
-976
-147
-712
21347182
21777654
21832395
21859707
21859707
-678
20872209
11662184
11091733
11633399
20844789
10417737
10370868
10182459
10325670
10310820
21962373
10312482
9924114
10279988
21891470
11235107
11483936
8356814
11498870
11640157
7773965
10125567
8086925
10128066
7994144
7709818
10117201
7748372
10124526
7985347
11778974
11729449
11555042
11684056
11669008
7999999
7999999
7999999
4364522
7999999
7999999
7999999
-2473580
7999999
7999999
7999999
-7711393
7999999
7999999
7999999
-11437161
7999999
7999999
7999999
-13707555
7999999
7999999
7999999
-14549315
7999999
7999999
7999999
-13960267
7999999
7999999
7999999
-11909718
7999999
7999999
7999999
-8338287
7999999
7999999
7999999
-3157164
7999999
7999999
7999999
-2419071
7999999
7999999
7999999
-2576732
7999999
7999999
7999999
13901465
7999999
7999999
7999999
13913109
7999999
7999999
7999999
14356161
7999999
7999999
7999999
14369734
7999999
7999999
7999999
7999999
7999999
7999999
7999999
7999999
7999999
7999999
7999999
7999999
7999999
7999999
7999999
7999999
7999999
7999999
7999999
7999999
7999999
7999999
7999999
7999999
7999999
7999999
7999999
7999999
7999999
7999999
7999999
7999999
7999999
7999999
7999999
7999999
7999999
7999999
7999999
7999999
7999999
7999999
7999999
7999999
0
11558146
0
672233
0
-335233
0
11092711
0
10185491
0
1696660
0
-1286263
0
9926115
0
-70568
0
11190681
6680352
7127746
7127746
8081934
-70568
1000000
5966533
7990950
7990950
7742076
5966533
6719480
6719480
7742076
5966533
7990944
7990944
7742076
5966533
6719478
6719478
7742076
0
0
0
0
0
0
0
671368
-5349249
-9819101
-12810316
-14364382
-14493466
-13181115
-10382370
-6023303
20382687
21331396
12332566
10983827
11190681
11092711
20359370
20819409
21304036
21859707
9926115
11645975
10287750
1696660
672233
-70568
-1286263
4560834
-335233
10185491
8347504
11558146
6629910
8081934
6719480
0
7990950
0
6719478
0
7990944
0
7127746
0
5966533
7742076
-11
24
12332729
11635351
944
11645806
0
-74
-11
10
26762181
26107938
412
26118479
0
-136
-127
-608
20372872
20746367
11622470
20819372
11645806
-931
-138
-654
20397311
20742203
20794282
20819372
20819372
-623
-174
-888
24950826
25676175
26084403
25773119
26118479
-1130
-182
-928
24975689
25672954
25737523
25773119
25773119
-884
20872170
11662016
11091560
11633231
20844751
26240570
26200508
25960178
26155914
26142018
26070147
26170326
26430115
26126389
25829960
11216278
11483733
8356612
11498674
11621322
7669359
25922110
24609255
25914266
7980299
7615003
25918863
24514499
25912843
7972936
11778804
11729280
11554866
11683888
11668840
7999999
7999999
7999999
4364336
7999999
7999999
7999999
-2473737
7999999
7999999
7999999
-7711525
7999999
7999999
7999999
-11437271
7999999
7999999
7999999
-13707644
7999999
7999999
7999999
-14549386
7999999
7999999
7999999
-13960321
7999999
7999999
7999999
-11909756
7999999
7999999
7999999
-8338310
7999999
7999999
7999999
-3157172
7999999
7999999
7999999
5882631
7999999
7999999
7999999
5838362
7999999
7999999
7999999
13901448
7999999
7999999
7999999
13913092
7999999
7999999
7999999
16101412
7999999
7999999
7999999
16113147
7999999
7999999
7999999
7999999
7999999
7999999
7999999
7999999
7999999
7999999
7999999
7999999
7999999
7999999
7999999
7999999
7999999
7999999
7999999
7999999
7999999
7999999
7999999
7999999
7999999
7999999
7999999
7999999
7999999
7999999
7999999
7999999
7999999
7999999
7999999
7999999
7999999
7999999
7999999
7999999
7999999
7999999
7999999
7999999
0
11557970
0
672187
0
-335194
0
11092539
0
25963013
0
5048873
0
-4686103
0
26436083
0
-70568
0
11190681
6680352
7127746
7127746
24602447
-70568
3000000
5966531
7990950
7990950
24506623
5966531
6719479
6719479
24506623
5966531
7990944
7990944
24506623
5966531
6719477
6719477
24506623
0
0
0
0
0
0
0
671196
-5349394
-9819222
-12810416
-14364462
-14493528
-13181161
-10382400
-6023318
20382653
24955596
12332399
26761717
11190681
11092539
20359336
20819372
24931670
25773119
26436083
11645806
26118479
5048873
672187
-70568
-4686103
12972644
-335194
25963013
8347302
11557970
6629827
24602447
6719479
0
7990950
0
6719477
0
7990944
0
7127746
0
5966531
24506623
8632627
-7834418
-1210922
2160842
-643925
9534430
-643909
-507142
10575133
9546769
9165615
9287253
-1525811
-1043076
-1213646
9543052
5185690
6680352
-112
133
10734356
10013725
19992444
10051309
19987340
-119
-112
133
10734314
10013721
19867316
10051309
19862213
-116
-112
133
10734314
10013721
19867316
10051309
19862213
-116
-112
133
10734314
10013721
19867316
10051309
19862213
-116
-112
129
10730693
10013572
14568037
10051309
14563091
-73
-112
129
10730693
10013572
14568037
10051309
14563091
-73
-114
128
10728063
10012919
-3868491
10051309
-3873417
406
-114
128
10728063
10012919
-3868491
10051309
-3873417
406
-112
133
10734356
10013725
19992444
10051309
19987340
-119
-112
133
10734356
10013725
19992444
10051309
19987340
-119
20096686
1552991
599566
1526511
20223624
19965925
1552800
599336
1526367
20092826
7405874
13238743
12210341
13225963
7947878
7420681
12886123
11865118
12872951
7949771
8483985
20040276
20216733
19995122
8088189
8480893
19915190
20085940
19870087
8087756
9945472
1531961
708320
1508206
10058556
6467788
6814804
5654702
6783954
6737587
8629916
1561274
734457
1531346
8749361
9919868
1563192
736781
1532804
10039771
10650156
1599221
788319
1560965
10802596
8228603
1594767
783000
1557537
8379752
-16667021
1531333
695388
1508819
-16554913
4278039
1545440
585576
1521253
4403425
13118236
1600877
640742
1564814
13253829
12764975
1600196
639923
1564292
12900439
2275632
1558330
728880
1529329
2394246
1389796
1604510
770031
1566642
1518597
2159530
1591517
758827
1555999
2285468
1034346
1566026
735221
1535541
1154613
1034346
1566026
735221
1535541
1154613
7967377
2289923
1534970
2266174
8020147
13993762
2429690
1168825
2404822
14502128
796491
12213031
10929022
12193540
1254180
6905831
12173084
10896942
12161722
7356741
820418
11869439
10598501
11849462
1267358
6907824
11829178
10566025
11817384
7347913
3430700
2519901
1314200
2502485
3431315
3446052
2519918
1314200
2502497
3446670
3285576
2625132
1316612
2604639
3406946
3285576
2625132
1316612
2604639
3406946
3303720
2625325
1328136
2604702
3422767
8088622
7728023
7102817
7687092
8032098
3303720
2625325
1328136
2604702
3422767
3430761
2520015
1325772
2502517
3431325
3446112
2520033
1325772
2502529
3446680
4477667
11826430
10827067
11806958
4851613
5832300
9347456
8401346
9325042
6139456
8144990
9936250
9358482
9899753
8041370
8132600
11251480
10660392
11215816
8039840
20761638
7268580
7387697
7196535
20101903
20627634
7267712
7377400
7195993
19975642
6883567
7170934
6246090
7135265
7092236
8023469
8060093
7658993
8026638
8022740
9953860
4055204
3416394
4017004
9918249
11281337
4057919
3431558
4018925
11237083
9375818
9438494
8750557
9396984
9376477
7513470
7633239
6827098
7595757
7575378
10666881
10739692
10041743
10698429
10676407
10104434
6954060
10009788
6845723
8305259
8103002
8078999
7561806
8036288
8033513
7999999
7999999
7999999
9322187
7999999
7999999
7999999
9325362
7999999
7999999
7999999
9325362
7999999
7999999
7999999
9325362
7999999
7999999
7999999
9325341
7999999
7999999
7999999
9325341
7999999
7999999
7999999
33781
7999999
7999999
7999999
-266220
7999999
7999999
7999999
33609
7999999
7999999
7999999
-266277
7999999
7999999
7999999
5466826
7999999
7999999
7999999
5295539
7999999
7999999
7999999
235258
7999999
7999999
7999999
248281
7999999
7999999
7999999
249440
7999999
7999999
7999999
339714
7999999
7999999
7999999
337063
7999999
7999999
7999999
9325341
7999999
7999999
7999999
228803
7999999
7999999
7999999
23322
7999999
7999999
7999999
-269697
7999999
7999999
7999999
64487
7999999
7999999
7999999
-256047
7999999
7999999
7999999
63875
7999999
7999999
7999999
-256250
7999999
7999999
7999999
245499
7999999
7999999
7999999
266004
7999999
7999999
7999999
260422
7999999
7999999
7999999
248659
7999999
7999999
7999999
248659
7999999
7999999
7999999
4809868
7999999
7999999
7999999
9323515
7999999
7999999
7999999
4794013
7999999
7999999
7999999
4645843
7999999
7999999
7999999
4629791
7999999
7999999
7999999
8454413
7999999
7999999
7999999
5499735
7999999
7999999
7999999
4906361
7999999
7999999
7999999
6653696
7999999
7999999
7999999
5799708
7999999
7999999
7999999
8261806
7999999
7999999
7999999
7061812
7999999
7999999
7999999
9544293
7999999
7999999
7999999
6404498
7999999
7999999
7999999
7038478
7999999
7999999
7999999
7362828
7999999
7999999
7999999
9322187
7999999
7999999
7999999
9323515
7999999
7999999
7999999
7999999
7999999
7999999
7999999
7999999
7999999
7999999
7999999
7999999
7999999
7999999
7999999
7999999
7999999
7999999
7999999
7999999
0
10051309
20226155
20095303
-296469
-296583
-303428
-276087
-276493
6651553
4885989
5460111
6898729
8161517
767744
7659453
7563954
6826247
10556500
10588953
9361236
726662
597076
596845
706138
6757744
5649154
6242024
-85357
10726501
10726501
756560
10723743
10723743
-3873417
693228
-16562189
732231
734551
10662897
785552
780246
638216
10887175
10919231
10730208
10730208
10730208
10730165
10730165
10730165
583097
732993
637398
732993
1158029
12198995
2395198
20095303
11854049
20226155
6161442
4883036
10819252
10051309
13271376
12917783
11211971
14563091
7104621
19987340
4403980
19862213
9893977
1314436
1326010
8395007
1534107
7110178
801162
-32591
773091
7188253
7110178
801162
-32591
773091
7188253
3783969
803769
-31751
775313
3862490
3797049
803791
-31725
775329
3875574
7110154
801162
-32591
773091
7188229
7110154
801162
-32591
773091
7188229
3797233
803792
-31725
775330
3875758
3790199
803780
-31738
775321
3868722
7125434
801186
-32563
773109
7203514
7125434
801186
-32563
773109
7203514
7387082
7900120
7130412
7871654
7416079
3789835
803780
-31739
775321
3868358
3783809
803770
-31750
775313
3862330
7125472
801186
-32563
773109
7203552
7125472
801186
-32563
773109
7203552
3783552
803770
-31751
775313
3862073
3780405
803765
-31757
775309
3858924
6914096
800965
-32858
772944
6992132
6914096
800965
-32858
772944
6992132
3862475
803894
-31602
775407
3941021
6818621
808541
-26015
778941
6898086
683955
848254
6693
811244
770915
1616285
835803
-3889
801066
1700871
7884777
1691111
782313
1671882
8008894
8036007
3515775
4676179
3595164
8027880
8089446
5303029
4674120
5267241
8033859
7999270
4396442
3662268
4366953
8022372
7125926
4736807
3859515
4701439
7231359
7124743
4750802
3872617
4715460
7230610
8035071
3462192
4690082
3510494
8027510
8103167
5303656
4687918
5267525
8035692
8018197
4260834
3564474
4229735
8024685
7124904
4750809
3872799
4715463
7230689
7125664
4743303
3865754
4707944
7231216
8034319
3988797
4682401
4014639
8027214
8095942
5303334
4680517
5267379
8034726
8033688
4723066
4057324
4690711
8026580
7125551
4743291
3865393
4707938
7231283
7126214
4736861
3859359
4701497
7231746
8033735
5025001
4675821
5035123
8026984
8089752
5303057
4674177
5267255
8033899
8046081
5709988
5068362
5676696
8028101
7125758
4736852
3859104
4701493
7231417
8027458
7756547
7586803
7724948
8024203
7126142
4733492
3855952
4698128
7231697
8033291
6511944
4672361
6512812
8026814
8086515
5302913
4670865
5267190
8033466
8054987
7163966
6539257
7130059
8029191
7244300
4736393
3937160
4699504
7309107
6959566
7888197
6897857
7856649
7122135
8054626
8503391
7837448
8469734
8029506
8081164
9044130
8467127
9009189
8032668
8113472
5778705
5259239
5741208
8036709
7576429
7275552
7179268
7241178
7440024
7587109
7274894
7179264
7240507
7450526
7576599
7274945
7179241
7240564
7440052
7586917
7275441
7179243
7241062
7450494
7581068
7275782
7194454
7241226
7440796
7591403
7276220
7194456
7241665
7451241
7581044
7275904
7194493
7241349
7440792
7591426
7276176
7194494
7241620
7451245
7533798
7343947
6983851
7311717
7432870
7607895
7174974
6982738
7140549
7453875
7818842
9897144
9005222
9865620
7996881
8569740
7668876
7848738
7616179
8098099
8090821
6350115
5726568
6310403
8032836
7407128
7901755
7230674
7872141
7410693
7417374
7901760
7229994
7872149
7421122
7406942
7901745
7230060
7872138
7410662
7417542
7901770
7230549
7872152
7421150
7407119
7901755
7230645
7872141
7410691
7417701
7901779
7231075
7872154
7421176
7407156
7901757
7230767
7872141
7410698
4294343
1078122
288364
1049189
4378813
3605557
1082392
261094
1053779
3669076
4597795
1077439
287877
1048633
4682124
3510198
1078211
257247
1050476
3572957
4611846
1077462
287904
1048650
4696179
4004925
1075014
254569
1047930
4067110
4604311
1077450
287890
1048641
4688642
5017375
1072640
252868
1046013
5079140
4597858
1077440
287878
1048634
4682186
7417687
7901778
7231030
7872154
7421174
6489272
1070961
251999
1044629
6550749
4594486
1077435
287872
1048630
4678813
8418160
1069952
251932
1043754
8479475
7757860
1082205
293620
1052257
7843323
5213170
1065262
246239
1040212
5273605
5658847
1061239
273579
1035814
5739656
3529048
1122317
328433
1084680
3623307
7919026
3570892
1059990
3576638
8013458
7795641
784589
-47327
760043
7870613
7428506
7902926
7301715
7872494
7414252
9174308
8119828
7688594
8057064
8163518
7999999
7999999
7999999
2829906
7999999
7999999
7999999
1998850
7999999
7999999
7999999
2827823
7999999
7999999
7999999
6350403
7999999
7999999
7999999
25911
7999999
7999999
7999999
-18368
7999999
7999999
7999999
25668
7999999
7999999
7999999
-20286
7999999
7999999
7999999
25682
7999999
7999999
7999999
-21621
7999999
7999999
7999999
25675
7999999
7999999
7999999
-22468
7999999
7999999
7999999
25669
7999999
7999999
7999999
-22901
7999999
7999999
7999999
25666
7999999
7999999
7999999
3373149
7999999
7999999
7999999
3491565
7999999
7999999
7999999
5329968
7999999
7999999
7999999
-22933
7999999
7999999
7999999
28531
7999999
7999999
7999999
-25772
7999999
7999999
7999999
18544
7999999
7999999
7999999
45877
7999999
7999999
7999999
-345048
7999999
7999999
7999999
-337723
7999999
7999999
7999999
-337723
7999999
7999999
7999999
-337309
7999999
7999999
7999999
-337296
7999999
7999999
7999999
-337723
7999999
7999999
7999999
8016808
7999999
7999999
7999999
-337723
7999999
7999999
7999999
-337296
7999999
7999999
7999999
-337303
7999999
7999999
7999999
-337709
7999999
7999999
7999999
-337709
7999999
7999999
7999999
-337303
7999999
7999999
7999999
-337309
7999999
7999999
7999999
-337709
7999999
7999999
7999999
-337709
7999999
7999999
7999999
-337309
7999999
7999999
7999999
-337312
7999999
7999999
7999999
-337856
7999999
7999999
7999999
-337856
7999999
7999999
7999999
-337235
7999999
7999999
7999999
-334454
7999999
7999999
7999999
-318201
7999999
7999999
7999999
-323460
7999999
7999999
7999999
2832878
7999999
7999999
7999999
2007032
7999999
7999999
7999999
2841532
7999999
7999999
7999999
4242847
7999999
7999999
7999999
2842655
7999999
7999999
7999999
2010084
7999999
7999999
7999999
2837999
7999999
7999999
7999999
4405735
7999999
7999999
7999999
2835589
7999999
7999999
7999999
2003486
7999999
7999999
7999999
2831600
7999999
7999999
7999999
5130061
2188444
2187408
3200915
4174025
2193993
2198295
2200370
2198055
2193575
2191592
5282
245213
292136
286398
250968
286404
251836
286416
326890
253535
286429
256211
286403
260055
272128
286889
-48682
250900
-5289
-27392
-32973
-34228
-34228
-33128
-33122
-33933
-33933
-33121
-33110
-33933
-33933
-33109
-33096
-33962
-33962
-33096
-33122
-33962
-33962
7587284
9001756
5728379
3564737
4057908
6540283
5069203
3662137
4372715
8468675
3857663
4231561
7130259
7231415
7231151
7231461
7231028
7230932
7230440
7230374
7302475
5672839
3857504
7124379
6894683
3863899
3854097
7231057
3936232
3863535
3870939
5261449
3857247
3870755
4689351
1057784
7838442
4672498
4675873
4682332
4675810
4689872
7859916
779799
-111
138
9400121
8674698
9860033
8711972
9854720
74
-111
138
9400121
8674698
9860033
8711972
9854720
74
-111
138
9400121
8674698
9860033
8711972
9854720
74
-111
137
9398982
8674582
6293877
8711972
6288603
145
-111
137
9398982
8674582
6293877
8711972
6288603
145
-111
137
9398982
8674582
6293877
8711972
6288603
145
-112
134
9395407
8674205
-5314598
8711972
-5319757
379
-442
-1976
7732600
7944898
8013585
8051463
8051463
-1882
0
0
6288603
8048810
0
8051463
0
-1145
-112
134
9395407
8674205
-5314598
8711972
-5319757
379
6564806
6946610
5791604
6915848
6865190
7959143
1350598
541032
1325977
8059972
3038589
1387410
563000
1354922
3240945
10676842
1415696
592651
1377265
10888282
8278458
1411278
587387
1373857
8488383
-17927051
1345052
523962
1322706
-17828237
8622763
1344539
535797
1321219
8722295
2246063
1409738
592191
1373428
2359756
8022548
2342703
1349529
2329723
8027617
5921686
11832907
10920558
11810355
6262607
7492426
9351497
8516445
9325799
7703401
9730006
4038562
3259281
4004710
9857655
9523004
7047038
8682009
6961242
8225630
7999999
7999999
7999999
8692666
7999999
7999999
7999999
8692666
7999999
7999999
7999999
8692666
7999999
7999999
7999999
8692085
7999999
7999999
7999999
8692085
7999999
7999999
7999999
8692085
7999999
7999999
7999999
8690263
7999999
7999999
7999999
151873
7999999
7999999
7999999
8690263
7999999
7999999
7999999
161749
7999999
7999999
7999999
176503
7999999
7999999
7999999
173883
7999999
7999999
7999999
143356
7999999
7999999
7999999
149264
7999999
7999999
7999999
177363
7999999
7999999
7999999
8717682
7999999
7999999
7999999
8488355
7999999
7999999
7999999
6754693
7999999
7999999
7999999
7443201
7999999
7999999
7999999
7999999
8711972
9394887
9394887
588680
583433
522090
9391229
9391229
-5319757
5785396
6889656
-17838298
533905
590204
539131
559128
9396053
9396053
9396053
9394887
8711972
3257005
8051463
8512281
10913601
1349569
-773
-4612
53371591
57245102
-13366590
57627829
-13189782
-4894
-823
-4894
53528582
57229001
57440215
57627829
57627829
-4661
2835971
1208142
407062
1170885
2936063
-25312
1145645
348922
1121100
60894
-16033310
-14007456
-20661742
-13939720
-13562623
61022453
-26696724
-20785267
-26875857
58093038
8030125
2896192
1144653
2895192
8028736
-1533508
-13151358
-13874465
-13185459
-1502158
7999999
7999999
7999999
85075
7999999
7999999
7999999
56103
7999999
7999999
7999999
-11052789
7999999
7999999
7999999
-13504503
7999999
7999999
7999999
-12172362
7999999
7999999
7999999
-9943203
7999999
7999999
7999999
-6748351
7999999
7999999
7999999
-2508135
7999999
7999999
7999999
-26599141
7999999
7999999
7999999
-21338183
7999999
7999999
7999999
-9228057
7999999
7999999
7999999
-4136326
7999999
7999999
7999999
-16544749
7999999
7999999
7999999
-24634716
7999999
7999999
7999999
-28768637
7999999
7999999
7999999
-28781515
7999999
7999999
7999999
30406082
7999999
7999999
7999999
30480684
7999999
7999999
7999999
7999999
7999999
7999999
7999999
7999999
7999999
7999999
7999999
7999999
7999999
7999999
0
-12970066
-11199043
-8498299
-4793737
-24707076
-16203800
-10904499
-21074960
-27176610
-29299503
53428724
405387
347345
1144696
53277913
2944682
49964
-13874708
-27032184
57627829
-20717780
-13189782
-1519751
2369891
9854720
7709516
1706070
3631184
6288603
2297020
7403187
7392715
0
0
23840857
4007970
0
4000000
0
-334
-5
-25
-5782387
-5578314
-482
-5569536
0
-423
36
279
15983543
13444906
5350
13419726
0
-118
-187
-651
16146204
15937771
-5708954
15988533
-5702708
-585
-188
-641
16164714
15937864
13413575
15988533
13419726
-725
4333917
4554350
3475148
4532954
4500034
7065569
4466890
3007072
4461498
7936577
7671582
3995327
3078318
3978413
7995296
8034689
-5881191
-5702183
-5838078
8029111
707961
574874
-5721
544364
527997
-5786882
3475253
2172791
3452604
-5698966
13268568
23851248
22639502
23825538
13410323
-1849956
-2497876
-3843999
-2535411
-1779709
8072254
-3574318
-3846235
-3613102
8032577
-3835617
-3892645
-3596124
-3865654
-3835591
7961710
-1785364
-2548544
-1803585
8023673
7999999
7999999
7999999
-7768829
7999999
7999999
7999999
2073249
7999999
7999999
7999999
-2343748
7999999
7999999
7999999
-5333115
7999999
7999999
7999999
-8555112
7999999
7999999
7999999
-8283998
7999999
7999999
7999999
-942210
7999999
7999999
7999999
903968
7999999
7999999
7999999
-2921475
7999999
7999999
7999999
-6149364
7999999
7999999
7999999
-8700802
7999999
7999999
7999999
-10624605
7999999
7999999
7999999
-11961798
7999999
7999999
7999999
-12745993
7999999
7999999
7999999
-13003661
7999999
7999999
7999999
-12754327
7999999
7999999
7999999
-12010648
7999999
7999999
7999999
-10778418
7999999
7999999
7999999
-9056445
7999999
7999999
7999999
-6836338
7999999
7999999
7999999
12051469
7999999
7999999
7999999
-833465
7999999
7999999
7999999
-3837293
7999999
7999999
7999999
12060718
7999999
7999999
7999999
7999999
7999999
7999999
7999999
7999999
7999999
7999999
7999999
7999999
-7546943
-7546943
3471157
3471157
7999999
7999999
23840857
23840857
5942684
5942684
3866137
3866137
3866137
3866137
6569740
6569740
7999999
7999999
6569740
6569740
7999999
7999999
9012697
9012697
9040662
9040662
28336816
28336816
16059159
16059159
7999999
7999999
7999999
7999999
7999999
7999999
0
17776399
0
296173
-4854416
-7546943
-2195977
-11550602
-3278109
-15528263
-6379522
28541171
0
14161338
0
0
-2549750
17776399
0
12084680
0
-1118063
5942684
169243
0
-4854416
0
-2195977
0
-3278109
0
-6379522
0
-3845146
0
2598574
-5569536
-5702708
-7477072
-8978879
-9778533
-11401905
-12456861
-12973399
-12974489
-12476215
-11487814
-10011617
-8042886
-4669933
-7549490
-2195977
-4854416
16059159
28336816
504770
-3278109
-6379522
296173
16156149
16137617
15988533
2171160
9012697
9040662
-6886513
28541171
2598574
22636809
13419726
3070123
-5782943
4506050
-7546943
14161338
-1087018
5942684
-1776941
-1118063
23840857
3471157
12084680
-3845146
-5702708
-15528263
-11550602
3866137
6569740
-2549750
169243
0
0
9490180
18525128
17752011
18528839
17752011
-2004
0
0
8335988
18524654
36184767
18528839
36184767
-1143
-129
-415
13554437
13281328
3760274
13344448
3768244
-606
-128
-404
13565867
13282198
19133809
13344448
19141558
-745
-267
-842
13565912
13280185
11865070
13344448
11873140
-954
11
102
10328574
8749046
1972
8742714
0
-347
0
0
8186967
12860322
-13120035
12862242
-13120035
-557
-74
-85
3773163
3203694
-1517462
3240682
-1515833
-302
0
0
8156952
12860310
-15422026
12862242
-15422026
-462
-175
-734
19159229
19217508
-3976906
19304000
-3962825
-793
0
0
18528845
36170880
-5
36184767
0
-379
20
211
13341037
11884132
4046
11873140
0
-207
-100
-72
10897940
10285970
8741330
10330298
8742714
-129
17751845
-5696996
-1719672
-5731414
17753254
-5766394
-5708661
-1720219
-5739852
-5766421
-6713979
-6644768
-1781540
-6681754
-6714011
36212539
-6688908
-1783657
-6723506
36205446
3990348
-3921472
-4310145
-3949757
3749233
-3695397
-3891832
-4285907
-3922984
-3929355
3535471
-1487214
-2121549
-1511198
3492381
-1470512
-1453068
-2093118
-1480635
-1505547
7919581
3482137
2441199
3453810
8006715
7913577
3716609
2655054
3688892
8005734
8053070
4034112
3470812
3993048
8028509
8107341
4041738
3705422
3995702
8037563
11599773
4029718
3177854
4007458
11866904
7663747
4276448
3249253
4261101
7993777
7188582
20795743
19324606
20791476
7948725
7999999
7999999
7999999
4663758
7999999
7999999
7999999
8291092
7999999
7999999
7999999
14795345
7999999
7999999
7999999
8737244
7999999
7999999
7999999
8166225
7999999
7999999
7999999
10732455
7999999
7999999
7999999
10738227
7999999
7999999
7999999
10738060
7999999
7999999
7999999
10738060
7999999
7999999
7999999
8092499
7999999
7999999
7999999
8092499
7999999
7999999
7999999
8077650
7999999
7999999
7999999
8077650
7999999
7999999
7999999
-1363849
7999999
7999999
7999999
-2453567
7999999
7999999
7999999
-1181979
7999999
7999999
7999999
-1182251
7999999
7999999
7999999
-1212725
7999999
7999999
7999999
-1213777
7999999
7999999
7999999
-1377958
7999999
7999999
7999999
-2465592
7999999
7999999
7999999
-2177442
7999999
7999999
7999999
9416833
7999999
7999999
7999999
7999999
7999999
7999999
7999999
7999999
7999999
7999999
7999999
7999999
7999999
7999999
20843933
20843933
4282471
4282471
4000000
4000000
-13120035
-13120035
-13120035
-13120035
-15422026
-15422026
-15422026
-15422026
6062006
6062006
7999999
7999999
6062006
3016668
0
-406979
0
14092614
0
-2262440
0
2439628
0
2653377
0
-18660
0
-18660
0
3240682
0
19304000
0
8742714
0
6335640
-18660
3471619
-18660
3707191
0
-3962825
0
-1515833
6053021
11067551
-1719435
-1780600
-2091324
-4278543
-18660
-18660
3171405
13553983
11873140
9490180
8335988
-1782711
36184767
-1718889
8186967
8156952
10891749
8742714
13554453
13542796
-4302719
-2119682
20843933
-2262440
10330298
6062006
13344448
4282471
19141558
-1515833
18528839
-5772553
3707191
3471619
-3962825
-13120035
14092614
-15422026
19304000
3240682
3768244
-406979
-6720949
12862242
6335640
3016668
-3596617
-5569536
2983611
-2768633
5000000
3039
0
-93
0
-3067
0
-257
1500455
-116
2600000
171
2600000
171
3263354
3278965
5000000
471
26725498
5000000
767
2092394
2093537
1499772
-3631
1500227
-3631
0
-709
5000000
1523
2572444
0
-88
5000000
98
17752011
0
17776399
0
19743470
18894713
3417690
3433055
2500000
157
2600000
293
10042117
8751128
2600000
131
2600000
179
4000000
-3596
2439628
2653377
7182571
7182547
7197839
7197877
6986393
9345146
11832631
0
-804
11686565
11679057
11679056
11679056
11660214
27601306
1000000
-329
2920000
-602
0
-436
0
-514
0
-515
0
-338
0
-338
6380000
1122
1000000
-328
1000000
-137
3000000
-56
7999999
820695
0
-348
4000000
10884
